 0.83404
 0.99437
 0.44065
 0.86511
 0.00023
 0.25625
 0.60467
 0.99808
 0.29351
 0.47218
 0.18468
 0.79316
 0.37252
 0.77582
 0.69112
 0.33949
 0.79353
 0.87108
 0.07763
 0.69262
 0.83839
 0.62655
 0.37044
 0.04910
 0.40890
 0.88691
 0.75623
 0.45915
 0.05478
 0.06883
 0.34094
 0.82792
 0.83461
 0.91441
 0.11738
 0.86140
 0.28077
 0.87826
 0.39620
 0.55678
 0.60149
 0.43194
 0.93652
 0.60552
 0.62685
 0.18560
 0.38465
 0.03631
 0.75278
 0.73004
 0.78921
 0.65829
 0.17009
 0.65921
 0.07811
 0.54610
 0.33966
 0.11849
 0.75629
 0.34106
 0.19669
 0.18613
 0.84222
 0.34331
 0.91578
 0.82358
 0.06633
 0.39510
 0.38375
 0.57926
 0.63103
 0.28424
 0.37300
 0.56663
 0.66925
 0.82508
 0.03658
 0.06834
 0.50029
 0.24806
 0.97772
 0.32127
 0.49633
 0.59699
 0.56089
 0.89227
 0.57856
 0.44425
 0.20645
 0.14673
 0.89579
 0.93848
 0.81719
 0.19234
 0.58723
 0.80674
 0.57555
 0.23898
 0.26006
 0.04960
 0.03873
 0.16725
 0.35767
 0.83372
 0.42326
 0.82090
 0.53109
 0.59786
 0.98315
 0.16878
 0.10673
 0.13182
 0.14824
 0.22788
 0.29346
 0.91307
 0.17861
 0.52196
 0.39952
 0.46203
 0.20467
 0.06690
 0.82811
 0.89988
 0.38880
 0.98612
 0.82836
 0.08120
 0.09991
 0.53097
 0.07179
 0.09069
 0.32759
 0.27993
 0.02978
 0.58481
 0.88919
 0.05960
 0.17311
 0.76625
 0.80680
 0.08158
 0.27495
 0.89596
 0.27855
 0.78427
 0.61478
 0.75517
 0.79535
 0.07685
 0.33071
 0.30460
 0.85502
 0.72252
 0.69553
 0.14202
 0.50162
 0.27567
 0.45200
 0.25263
 0.76661
 0.38041
 0.24734
 0.29550
 0.50188
 0.70788
 0.69780
 0.52647
 0.53986
 0.71306
 0.79177
 0.50558
 0.85618
 0.76268
 0.92968
 0.02334
 0.32688
 0.99622
 0.24339
 0.14758
 0.22949
 0.57390
 0.89898
 0.12813
 0.89982
 0.71062
 0.15678
 0.88367
 0.81627
 0.75961
 0.47405
 0.52584
 0.80676
 0.54319
 0.14736
 0.60272
 0.00574
 0.54548
 0.23429
 0.30586
 0.65329
 0.15727
 0.05412
 0.01802
 0.77188
 0.41809
 0.71454
 0.94128
 0.81707
 0.52919
 0.24672
 0.93479
 0.03164
 0.53800
 0.85887
 0.66339
 0.38179
 0.10265
 0.99465
 0.14016
 0.34468
 0.94495
 0.27427
 0.48553
 0.86519
 0.38391
 0.39364
 0.92862
 0.13200
 0.46073
 0.51093
 0.01650
 0.50775
 0.41714
 0.84605
 0.09861
 0.42305
 0.03772
 0.24854
 0.34456
 0.03976
 0.79263
 0.05242
 0.21473
 0.05661
 0.01962
 0.49242
 0.20427
 0.72006
 0.57744
 0.07766
 0.46352
 0.10564
 0.93534
 0.68406
 0.55664
 0.24835
 0.46725
 0.55837
 0.18311
 0.17152
 0.14013
 0.93919
 0.83585
 0.12206
 0.73569
 0.03729
 0.62599
 0.60127
 0.57952
 0.46595
 0.43478
 0.61421
 0.22590
 0.77572
 0.85382
 0.72708
 0.50375
 0.49424
 0.85563
 0.11248
 0.85676
 0.27291
 0.72381
 0.11984
 0.30668
 0.24269
 0.87438
 0.08910
 0.83282
 0.21499
 0.56392
 0.45142
 0.23266
 0.42598
 0.07200
 0.11943
 0.30865
 0.02511
 0.25954
 0.14395
 0.58872
 0.93455
 0.72163
 0.13620
 0.54929
 0.40659
 0.14794
 0.50465
 0.30427
 0.48765
 0.32324
 0.39086
 0.87742
 0.16272
 0.74227
 0.94004
 0.10004
 0.69366
 0.48191
 0.47970
 0.59736
 0.98754
 0.40872
 0.23991
 0.96351
 0.65796
 0.78604
 0.31358
 0.51870
 0.03715
 0.30224
 0.14004
 0.07937
 0.97269
 0.62775
 0.21266
 0.52515
 0.13770
 0.91056
 0.63472
 0.06365
 0.97723
 0.21867
 0.15949
 0.29207
 0.76028
 0.01758
 0.10190
 0.43130
 0.49067
 0.83289
 0.33847
 0.92431
 0.52984
 0.26453
 0.13267
 0.52848
 0.74017
 0.42547
 0.25944
 0.14852
 0.42035
 0.19084
 0.50551
 0.32441
 0.13307
 0.71293
 0.52063
 0.19062
 0.60951
 0.28653
 0.38687
 0.86203
 0.27892
 0.15317
 0.04934
 0.67929
 0.84962
 0.24658
 0.52659
 0.64904
 0.13192
 0.45602
 0.47013
 0.04547
 0.54436
 0.47362
 0.81563
 0.33081
 0.86394
 0.37412
 0.02790
 0.85362
 0.46872
 0.45711
 0.23356
 0.51267
 0.89803
 0.79522
 0.90035
 0.85040
 0.11331
 0.40702
 0.83121
 0.01601
 0.28313
 0.85270
 0.78002
 0.58902
 0.97198
 0.33390
 0.20862
 0.04820
 0.09910
 0.90400
 0.85236
 0.61668
 0.83747
 0.73675
 0.78975
 0.21841
 0.92653
 0.06970
 0.34791
 0.70915
 0.25266
 0.15704
 0.27016
 0.38637
 0.01132
 0.02543
 0.04305
 0.91909
 0.89594
 0.92263
 0.65423
 0.66837
 0.03004
 0.94417
 0.35239
 0.21078
 0.66413
 0.00615
 0.26199
 0.77138
 0.61898
 0.06875
 0.68947
 0.56295
 0.88021
 0.70917
 0.16403
 0.79256
 0.75766
 0.48298
 0.68947
 0.04777
 0.81078
 0.93145
 0.91976
 0.85994
 0.09269
 0.69258
 0.59721
 0.15414
 0.57144
 0.25305
 0.98051
 0.90009
 0.19822
 0.62722
 0.03107
 0.90566
 0.18696
 0.43679
 0.86735
 0.49740
 0.61472
 0.72760
 0.63049
 0.47054
 0.78578
 0.63020
 0.15571
 0.08779
 0.36802
 0.38252
 0.57586
 0.17768
 0.22406
 0.09627
 0.10782
 0.03175
 0.84039
 0.09942
 0.35814
 0.79883
 0.83720
 0.15381
 0.00080
 0.73503
 0.95352
 0.57232
 0.75316
 0.50941
 0.94757
 0.16451
 0.20943
 0.31551
 0.65769
 0.41899
 0.14942
 0.83477
 0.25615
 0.69538
 0.57115
 0.39977
 0.17367
 0.39502
 0.50004
 0.14945
 0.71663
 0.07294
 0.51016
 0.57880
 0.39611
 0.80106
 0.72896
 0.00933
 0.64536
 0.52841
 0.34158
 0.93475
 0.90175
 0.71963
 0.76421
 0.48044
 0.82162
 0.04634
 0.80296
 0.06334
 0.63477
 0.26039
 0.24384
 0.12292
 0.86049
 0.33566
 0.94760
 0.84215
 0.35560
 0.36938
 0.39714
 0.54780
 0.85340
 0.02000
 0.68669
 0.43973
 0.59528
 0.06391
 0.76000
 0.86974
 0.80768
 0.56418
 0.32544
 0.03519
 0.54042
 0.03293
 0.50473
 0.59760
 0.70980
 0.08144
 0.05543
 0.71977
 0.60432
 0.37023
 0.14498
 0.16709
 0.46629
 0.08854
 0.03802
 0.88762
 0.54177
 0.03864
 0.13772
 0.13406
 0.93142
 0.62354
 0.68538
 0.27258
 0.13642
 0.54570
 0.75585
 0.41136
 0.15925
 0.47642
 0.96563
 0.08884
 0.36323
 0.56243
 0.62372
 0.73018
 0.74992
 0.14625
 0.37683
 0.32066
 0.13899
 0.37476
 0.32194
 0.04457
 0.93376
 0.80776
 0.69034
 0.95031
 0.45008
 0.69404
 0.18502
 0.67756
 0.62454
 0.27856
 0.83261
 0.08061
 0.81927
 0.93417
 0.51424
 0.43737
 0.22178
 0.88166
 0.38593
 0.96056
 0.99917
 0.66657
 0.45717
 0.01783
 0.41639
 0.01093
 0.49607
 0.34629
 0.70334
 0.11092
 0.83170
 0.31516
 0.23337
 0.21021
 0.46733
 0.63845
 0.20393
 0.78103
 0.03171
 0.58075
 0.95428
 0.43500
 0.30534
 0.40042
 0.24361
 0.36088
 0.08802
 0.31243
 0.30827
 0.02072
 0.28909
 0.97613
 0.50306
 0.28938
 0.44410
 0.09660
 0.03870
 0.79813
 0.57059
 0.43066
 0.04466
 0.62066
 0.64872
 0.78588
 0.74584
 0.16157
 0.68942
 0.70424
 0.07688
 0.00203
 0.73322
 0.24926
 0.89961
 0.40054
 0.65281
 0.25022
 0.70823
 0.64290
 0.19749
 0.09464
 0.30261
 0.44673
 0.40703
 0.51850
 0.22048
 0.81261
 0.59923
 0.40867
 0.06914
 0.17072
 0.54048
 0.93913
 0.46346
 0.60776
 0.51940
 0.62751
 0.51414
 0.45292
 0.26461
 0.34467
 0.69059
 0.55784
 0.59318
 0.02532
 0.89229
 0.23053
 0.56550
 0.09132
 0.98094
 0.89220
 0.60050
 0.93603
 0.28601
 0.71912
 0.80262
 0.10806
 0.08312
 0.82271
 0.94948
 0.93209
 0.27321
 0.40612
 0.98783
 0.98565
 0.09214
 0.31840
 0.05285
 0.61815
 0.27086
 0.91630
 0.71141
 0.77462
 0.05244
 0.06787
 0.32079
 0.15456
 0.49127
 0.83500
 0.06080
 0.62829
 0.73309
 0.45228
 0.72469
 0.61047
 0.38536
 0.96013
 0.38188
 0.97515
 0.37727
 0.68282
 0.88381
 0.11106
 0.16315
 0.53976
 0.97950
 0.97349
 0.40781
 0.55169
 0.49547
 0.45078
 0.52435
 0.29351
 0.50034
 0.84227
 0.91395
 0.40095
 0.11386
 0.75971
 0.01703
 0.93162
 0.42392
 0.44996
 0.59721
 0.60574
 0.59466
 0.97801
 0.05521
 0.40735
 0.18686
 0.17723
 0.68768
 0.33138
 0.76203
 0.00599
 0.49972
 0.57516
 0.02228
 0.80720
 0.08190
 0.43905
 0.91887
 0.47626
 0.60792
 0.51561
 0.06465
 0.12842
 0.41877
 0.26486
 0.93000
 0.74418
 0.89510
 0.16571
 0.44287
 0.01145
 0.53414
 0.38881
 0.16295
 0.91396
 0.85724
 0.72255
 0.21804
 0.63202
 0.26757
 0.09162
 0.60593
 0.77566
 0.39360
 0.91705
 0.53242
 0.47146
 0.68491
 0.81927
 0.69170
 0.55481
 0.85754
 0.63554
 0.64802
 0.31263
 0.25299
 0.02256
 0.28685
 0.47071
 0.15677
 0.20699
 0.03667
 0.36004
 0.13345
 0.16792
 0.91717
 0.14704
 0.22668
 0.72203
 0.05557
 0.91740
 0.50972
 0.97389
 0.78970
 0.77427
 0.49388
 0.67236
 0.90481
 0.96428
 0.90017
 0.17071
 0.95615
 0.34186
 0.94801
 0.17251
 0.60633
 0.98290
 0.80479
 0.55900
 0.80937
 0.98873
 0.07412
 0.30738
 0.54775
 0.07486
 0.25128
 0.43818
 0.23703
 0.37623
 0.02073
 0.21763
 0.07725
 0.21242
 0.00604
 0.56137
 0.90239
 0.55243
 0.81080
 0.78033
 0.59193
 0.02120
 0.83055
 0.43142
 0.29112
 0.15556
 0.31546
 0.23061
 0.37526
 0.67561
 0.24499
 0.39201
 0.81162
 0.11012
 0.97991
 0.72238
 0.42224
 0.49064
 0.46360
 0.52910
 0.81859
 0.99954
 0.80175
 0.14746
 0.49970
 0.27812
 0.34686
 0.97940
 0.23891
 0.77875
 0.62522
 0.74902
 0.29358
 0.69558
 0.52859
 0.29545
 0.63818
 0.17116
 0.62117
 0.56317
 0.96483
 0.98331
 0.53328
 0.59932
 0.06731
 0.00327
 0.62893
 0.54463
 0.82155
 0.24856
 0.73311
 0.84204
 0.86718
 0.08967
 0.02459
 0.45721
 0.87777
 0.68497
 0.06190
 0.61114
 0.43376
 0.96864
 0.78204
 0.30011
 0.05457
 0.28789
 0.04410
 0.61160
 0.65198
 0.77384
 0.71898
 0.77368
 0.11703
 0.03043
 0.38046
 0.53418
 0.90571
 0.76069
 0.25662
 0.99597
 0.58019
 0.66688
 0.01870
 0.78939
 0.15351
 0.40897
 0.62289
 0.63921
 0.03454
 0.67768
 0.83281
 0.04559
 0.85295
 0.32388
 0.49479
 0.89795
 0.74259
 0.11890
 0.86372
 0.77300
 0.87374
 0.14869
 0.68866
 0.75769
 0.84041
 0.28181
 0.45580
 0.25561
 0.17496
 0.81341
 0.45462
 0.71282
 0.62875
 0.30231
 0.34953
 0.71295
 0.21419
 0.20402
 0.82717
 0.90624
 0.63270
 0.33363
 0.37026
 0.87881
 0.40375
 0.32083
 0.48071
 0.75854
 0.14844
 0.95690
 0.69798
 0.79831
 0.11393
 0.55094
 0.45763
 0.10328
 0.32821
 0.27743
 0.99450
 0.55728
 0.03803
 0.35611
 0.34944
 0.16688
 0.14143
 0.85625
 0.99351
 0.21533
 0.63367
 0.90529
 0.18875
 0.31198
 0.95198
 0.60842
 0.80313
 0.52825
 0.19122
 0.25384
 0.06485
 0.42219
 0.18715
 0.38692
 0.13074
 0.13686
 0.90347
 0.75931
 0.75087
 0.63970
 0.95070
 0.20896
 0.33597
 0.91042
 0.94558
 0.83158
 0.53495
 0.39178
 0.64848
 0.33206
 0.26523
 0.24961
 0.33747
 0.11259
 0.95376
 0.65711
 0.02627
 0.96082
 0.70601
 0.54319
 0.98414
 0.41866
 0.46018
 0.17056
 0.93726
 0.87958
 0.91481
 0.22711
 0.27533
 0.63994
 0.02178
 0.22380
 0.51656
 0.62603
 0.63991
 0.98788
 0.96877
 0.33155
 0.44047
 0.92584
 0.67742
 0.27103
 0.04779
 0.07418
 0.50978
 0.50655
 0.92772
 0.74043
 0.24965
 0.27926
 0.62500
 0.03614
 0.00904
 0.37943
 0.34770
 0.74216
 0.54030
 0.71102
 0.26067
 0.79360
 0.04583
 0.72582
 0.03816
 0.86451
 0.61998
 0.90152
 0.02521
 0.94998
 0.34494
 0.39587
 0.37362
 0.50722
 0.89849
 0.15555
 0.82958
 0.26921
 0.28872
 0.61540
 0.01048
 0.20934
 0.96886
 0.67102
 0.71864
 0.12873
 0.66080
 0.24518
 0.29831
 0.91620
 0.34740
 0.62571
 0.15700
 0.49652
 0.54824
 0.84553
 0.12106
 0.61122
 0.34346
 0.09625
 0.70486
 0.49505
 0.71166
 0.02154
 0.39007
 0.49384
 0.49464
 0.49974
 0.57921
 0.23153
 0.54760
 0.52387
 0.85547
 0.04855
 0.61540
 0.76051
 0.70707
 0.07218
 0.42739
 0.68721
 0.53457
 0.89993
 0.61728
 0.95296
 0.46649
 0.11489
 0.48895
 0.32618
 0.44279
 0.36519
 0.42822
 0.08259
 0.39790
 0.54540
 0.28504
 0.98654
 0.75417
 0.46789
 0.05326
 0.36951
 0.22184
 0.84139
 0.34913
 0.32013
 0.59955
 0.38015
 0.16106
 0.33617
 0.46340
 0.37151
 0.41525
 0.20361
 0.83467
 0.30992
 0.42263
 0.03539
 0.10777
 0.13897
 0.60904
 0.94767
 0.66971
 0.96949
 0.87061
 0.23580
 0.84691
 0.20144
 0.41210
 0.05654
 0.95606
 0.13594
 0.25242
 0.75177
 0.95209
 0.54567
 0.31967
 0.81426
 0.40520
 0.86991
 0.86236
 0.06535
 0.80840
 0.89282
 0.29350
 0.65764
 0.45864
 0.68813
 0.37749
 0.09493
 0.28779
 0.89722
 0.50861
 0.80646
 0.42146
 0.76286
 0.20191
 0.62591
 0.49786
 0.92046
 0.27644
 0.61310
 0.19425
 0.85653
 0.59096
 0.08986
 0.46321
 0.72027
 0.89062
 0.15204
 0.85112
 0.85085
 0.56436
 0.67605
 0.11228
 0.58196
 0.67054
 0.49824
 0.38450
 0.93166
 0.79019
 0.16465
 0.60016
 0.39993
 0.16021
 0.15234
 0.80926
 0.78493
 0.74031
 0.44194
 0.06139
 0.89537
 0.98823
 0.15290
 0.26432
 0.40293
 0.41291
 0.44104
 0.15238
 0.69469
 0.01584
 0.13711
 0.52310
 0.21288
 0.71412
 0.80055
 0.21613
 0.78663
 0.57510
 0.20076
 0.21317
 0.56805
 0.97142
 0.57667
 0.35432
 0.96152
 0.14481
 0.37313
 0.08969
 0.83989
 0.57423
 0.13879
 0.37921
 0.06292
 0.05581
 0.16820
 0.48016
 0.77327
 0.29986
 0.52252
 0.10217
 0.89863
 0.43323
 0.09518
 0.51839
 0.69185
 0.44583
 0.63159
 0.35310
 0.52253
 0.72393
 0.96411
 0.03955
 0.85612
 0.72047
 0.67134
 0.11781
 0.40912
 0.80644
 0.29827
 0.51749
 0.41758
 0.43386
 0.48894
 0.97465
 0.95544
 0.55617
 0.83121
 0.00759
 0.18312
 0.86781
 0.52260
 0.71579
 0.45771
 0.45770
 0.66288
 0.03338
 0.05363
 0.41391
 0.06540
 0.56106
 0.52169
 0.74975
 0.84675
 0.54065
 0.35402
 0.50125
 0.40248
 0.22642
 0.19520
 0.80373
 0.55117
 0.39462
 0.12368
 0.00623
 0.40977
 0.54979
 0.71639
 0.79283
 0.44647
 0.47863
 0.05395
 0.24153
 0.18988
 0.44057
 0.71291
 0.60419
 0.81997
 0.76606
 0.35733
 0.08633
 0.38486
 0.57342
 0.40261
 0.27671
 0.24431
 0.58029
 0.25934
 0.22774
 0.89991
 0.64828
 0.08019
 0.91472
 0.92847
 0.88823
 0.13941
 0.65627
 0.18769
 0.85270
 0.19716
 0.69140
 0.70091
 0.34994
 0.52398
 0.44296
 0.62665
 0.93449
 0.80982
 0.62953
 0.80998
 0.25371
 0.41274
 0.75472
 0.10108
 0.89538
 0.90028
 0.56891
 0.92599
 0.91393
 0.20660
 0.31246
 0.90006
 0.26368
 0.25099
 0.86596
 0.26243
 0.81862
 0.32085
 0.21096
 0.74016
 0.53355
 0.97420
 0.00940
 0.87770
 0.99611
 0.76407
 0.68580
 0.96449
 0.13561
 0.33978
 0.14654
 0.62560
 0.88553
 0.83608
 0.03572
 0.17532
 0.38893
 0.25703
 0.69588
 0.47093
 0.50328
 0.92574
 0.40145
 0.13426
 0.08052
 0.89443
 0.89767
 0.71385
 0.24867
 0.40700
 0.67596
 0.36023
 0.01587
 0.23867
 0.97868
 0.11616
 0.15543
 0.12502
 0.64426
 0.87824
 0.89230
 0.71993
 0.01788
 0.02126
 0.64546
 0.17032
 0.72242
 0.85750
 0.87966
 0.17493
 0.51149
 0.71910
 0.60538
 0.22919
 0.95572
 0.06484
 0.26868
 0.67290
 0.85570
 0.48812
 0.79194
 0.65573
 0.98309
 0.48938
 0.71340
 0.30909
 0.83716
 0.21757
 0.36693
 0.13614
 0.79598
 0.77320
 0.01148
 0.07277
 0.37910
 0.78580
 0.92998
 0.87866
 0.58843
 0.43620
 0.20692
 0.12366
 0.28863
 0.26831
 0.02818
 0.41763
 0.43189
 0.30643
 0.12900
 0.00509
 0.58916
 0.02801
 0.01416
 0.43522
 0.58364
 0.80969
 0.39153
 0.12654
 0.55570
 0.58460
 0.81297
 0.29005
 0.29554
 0.30309
 0.35959
 0.28741
 0.64364
 0.62194
 0.34521
 0.90956
 0.81727
 0.83501
 0.48284
 0.69709
 0.81384
 0.05054
 0.95044
 0.19355
 0.64064
 0.29265
 0.96498
 0.83021
 0.27261
 0.04974
 0.75018
 0.56407
 0.71497
 0.52444
 0.23917
 0.91396
 0.50407
 0.79201
 0.58571
 0.45991
 0.86588
 0.01202
 0.71502
 0.22744
 0.66055
 0.06239
 0.39474
 0.12542
 0.53730
 0.51522
 0.61656
 0.18378
 0.59058
 0.17641
 0.08824
 0.72209
 0.97584
 0.14493
 0.71071
 0.65756
 0.77677
 0.62114
 0.36877
 0.86630
 0.17070
 0.49399
 0.79641
 0.10911
 0.89223
 0.12096
 0.84374
 0.95450
 0.55798
 0.89966
 0.21766
 0.87173
 0.36491
 0.78015
 0.45641
 0.09375
 0.02754
 0.51142
 0.83345
 0.86510
 0.87696
 0.58831
 0.68606
 0.08314
 0.55949
 0.52127
 0.34947
 0.81358
 0.68391
 0.54334
 0.28920
 0.12974
 0.43354
 0.34287
 0.39862
 0.85133
 0.37699
 0.49840
 0.50679
 0.06592
 0.38472
 0.96420
 0.45460
 0.04345
 0.84930
 0.07503
 0.74384
 0.32635
 0.71062
 0.27616
 0.11531
 0.47240
 0.26329
 0.31362
 0.41463
 0.77723
 0.22718
 0.00531
 0.29663
 0.33127
 0.33988
 0.11388
 0.29889
 0.62089
 0.02835
 0.27269
 0.75067
 0.55070
 0.36791
 0.96450
 0.92568
 0.88509
 0.85786
 0.67846
 0.99458
 0.38617
 0.32302
 0.32432
 0.68488
 0.65596
 0.52376
 0.69299
 0.68905
 0.11009
 0.60066
 0.34649
 0.85328
 0.99717
 0.21403
 0.01596
 0.29093
 0.42413
 0.01923
 0.01695
 0.59389
 0.38108
 0.71930
 0.72218
 0.34320
 0.62747
 0.26695
 0.44245
 0.24950
 0.12066
 0.94118
 0.02136
 0.97315
 0.96559
 0.89660
 0.21662
 0.29017
 0.00236
 0.30345
 0.94201
 0.27825
 0.07797
 0.13132
 0.12265
 0.93733
 0.84422
 0.85607
 0.30180
 0.19854
 0.12707
 0.69994
 0.61005
 0.50224
 0.98344
 0.15872
 0.82309
 0.84941
 0.63573
 0.12948
 0.97656
 0.98269
 0.12543
 0.10599
 0.22659
 0.39899
 0.89767
 0.84551
 0.50377
 0.21502
 0.20281
 0.24734
 0.16988
 0.09599
 0.81507
 0.56925
 0.28659
 0.12207
 0.32909
 0.40704
 0.45001
 0.33691
 0.16290
 0.75716
 0.18198
 0.37639
 0.00769
 0.49401
 0.91486
 0.68076
 0.12958
 0.59060
 0.52987
 0.97580
 0.09151
 0.05134
 0.99962
 0.05698
 0.17510
 0.28846
 0.02603
 0.70131
 0.12974
 0.45841
 0.01864
 0.86777
 0.94421
 0.76493
 0.29768
 0.93958
 0.19938
 0.95897
 0.82367
 0.72876
 0.47570
 0.54882
 0.27308
 0.10554
 0.84189
 0.77826
 0.34834
 0.70991
 0.45684
 0.49104
 0.87238
 0.82204
 0.02209
 0.08707
 0.94344
 0.90151
 0.00512
 0.11281
 0.12968
 0.75273
 0.69303
 0.99010
 0.89096
 0.11673
 0.53201
 0.03341
 0.30232
 0.06219
 0.63018
 0.14235
 0.00459
 0.36094
 0.50574
 0.26192
 0.66054
 0.96185
 0.20130
 0.74981
 0.29026
 0.90367
 0.65062
 0.41692
 0.71049
 0.55494
 0.43286
 0.98969
 0.95099
 0.05707
 0.44709
 0.30157
 0.73473
 0.73880
 0.47800
 0.28444
 0.92148
 0.45379
 0.14260
 0.95403
 0.67030
 0.89776
 0.22013
 0.77200
 0.40485
 0.05524
 0.73961
 0.81818
 0.01102
 0.53778
 0.59741
 0.14402
 0.49829
 0.83627
 0.72663
 0.05151
 0.79340
 0.58231
 0.79839
 0.00702
 0.87649
 0.93187
 0.77405
 0.21877
 0.45016
 0.34608
 0.29536
 0.99986
 0.00517
 0.55420
 0.53244
 0.28721
 0.95915
 0.16641
 0.65207
 0.79844
 0.37147
 0.59392
 0.52501
 0.38335
 0.37841
 0.53555
 0.68045
 0.58060
 0.21719
 0.43378
 0.37959
 0.03343
 0.77619
 0.79732
 0.53880
 0.76216
 0.88852
 0.31869
 0.60889
 0.14184
 0.16906
 0.30521
 0.84911
 0.03315
 0.68511
 0.22759
 0.83410
 0.30358
 0.52168
 0.80531
 0.72510
 0.64205
 0.03150
 0.11582
 0.58270
 0.98692
 0.43018
 0.66897
 0.91628
 0.39925
 0.99560
 0.83652
 0.09958
 0.07946
 0.49476
 0.14067
 0.47211
 0.94801
 0.59981
 0.69833
 0.71747
 0.87450
 0.68439
 0.97913
 0.58663
 0.07930
 0.94790
 0.79052
 0.51379
 0.89327
 0.19126
 0.75407
 0.21147
 0.50716
 0.52585
 0.54762
 0.79291
 0.65672
 0.48096
 0.09513
 0.63586
 0.44026
 0.99111
 0.34286
 0.71090
 0.28559
 0.98296
 0.18820
 0.09504
 0.74038
 0.20008
 0.47374
 0.45145
 0.77201
 0.71668
 0.14308
 0.28392
 0.05160
 0.56962
 0.15205
 0.74493
 0.74825
 0.12368
 0.90227
 0.44806
 0.62501
 0.69946
 0.56760
 0.97760
 0.05569
 0.41406
 0.67883
 0.08569
 0.10933
 0.49958
 0.94881
 0.50564
 0.62341
 0.85443
 0.33759
 0.88216
 0.65193
 0.93503
 0.54895
 0.06439
 0.65162
 0.95716
 0.77965
 0.16269
 0.50342
 0.84368
 0.52526
 0.30104
 0.93896
 0.11392
 0.42153
 0.32880
 0.08295
 0.89875
 0.64366
 0.67395
 0.07423
 0.01682
 0.38771
 0.75022
 0.34070
 0.50240
 0.86094
 0.29628
 0.53558
 0.32945
 0.07202
 0.70529
 0.07972
 0.58251
 0.26959
 0.08544
 0.38683
 0.26745
 0.67133
 0.52833
 0.10463
 0.63165
 0.21023
 0.90687
 0.02412
 0.42321
 0.23492
 0.32305
 0.86471
 0.23472
 0.69540
 0.74273
 0.90812
 0.76417
 0.03081
 0.85935
 0.74614
 0.54747
 0.31240
 0.69659
 0.64601
 0.50586
 0.90355
 0.16926
 0.10182
 0.88540
 0.47014
 0.03004
 0.12669
 0.12881
 0.84332
 0.91312
 0.72766
 0.57877
 0.16325
 0.02066
 0.94622
 0.81197
 0.25109
 0.92916
 0.54577
 0.05356
 0.68284
 0.34800
 0.08658
 0.73267
 0.97288
 0.70992
 0.47882
 0.80455
 0.90495
 0.91687
 0.88779
 0.95418
 0.22787
 0.88404
 0.94697
 0.41124
 0.68972
 0.05724
 0.79570
 0.81705
 0.86919
 0.86222
 0.47163
 0.65417
 0.88166
 0.31952
 0.36844
 0.51911
 0.12982
 0.01019
 0.74085
 0.35503
 0.40276
 0.21932
 0.20985
 0.99351
 0.46475
 0.02416
 0.50688
 0.94163
 0.20098
 0.53209
 0.62924
 0.38832
 0.10823
 0.08490
 0.26102
 0.57382
 0.68489
 0.15094
 0.23669
 0.39875
 0.06258
 0.67372
 0.49658
 0.05891
 0.59016
 0.90293
 0.74537
 0.62505
 0.84333
 0.50105
 0.12886
 0.03671
 0.79397
 0.15846
 0.40676
 0.60078
 0.65246
 0.24966
 0.76354
 0.29464
 0.97350
 0.14365
 0.19693
 0.79344
 0.05453
 0.11562
 0.24964
 0.02319
 0.71008
 0.36890
 0.56428
 0.48815
 0.76751
 0.83097
 0.13538
 0.63232
 0.23021
 0.28894
 0.45400
 0.29693
 0.19196
 0.45000
 0.47889
 0.79099
 0.26283
 0.76191
 0.32370
 0.94339
 0.68975
 0.69448
 0.20437
 0.72844
 0.92713
 0.43599
 0.69136
 0.25084
 0.19125
 0.82290
 0.19797
 0.18287
 0.23141
 0.09675
 0.11835
 0.59571
 0.50063
 0.58594
 0.89642
 0.02953
 0.06936
 0.52765
 0.38511
 0.29062
 0.50585
 0.32186
 0.01464
 0.86898
 0.65651
 0.86828
 0.83521
 0.35842
 0.17673
 0.30087
 0.71038
 0.82658
 0.20934
 0.10281
 0.64516
 0.46838
 0.75897
 0.65624
 0.64197
 0.81526
 0.24591
 0.16898
 0.44261
 0.11105
 0.88069
 0.05182
 0.25347
 0.87502
 0.17965
 0.93996
 0.07214
 0.46871
 0.40036
 0.70183
 0.57660
 0.31386
 0.02419
 0.29085
 0.60669
 0.71072
 0.04275
 0.86211
 0.99497
 0.87619
 0.16406
 0.10543
 0.58675
 0.09499
 0.85790
 0.40423
 0.01424
 0.70662
 0.90938
 0.44269
 0.17574
 0.86202
 0.52828
 0.97043
 0.61058
 0.84679
 0.74331
 0.77744
 0.48890
 0.17961
 0.16909
 0.93357
 0.39169
 0.26796
 0.14389
 0.85266
 0.94217
 0.71766
 0.50614
 0.90854
 0.61233
 0.25780
 0.50328
 0.61759
 0.16012
 0.94160
 0.96339
 0.38629
 0.89135
 0.27855
 0.34495
 0.59119
 0.89747
 0.69670
 0.40863
 0.26209
 0.36329
 0.02963
 0.39430
 0.21548
 0.23720
 0.41144
 0.30196
 0.98514
 0.52160
 0.28436
 0.56209
 0.43753
 0.80821
 0.29473
 0.46754
 0.59771
 0.35336
 0.22745
 0.78220
 0.45236
 0.64113
 0.07267
 0.63095
 0.29510
 0.22705
 0.64531
 0.52000
 0.95280
 0.85533
 0.05244
 0.19888
 0.85114
 0.23007
 0.91567
 0.74681
 0.68153
 0.38770
 0.86600
 0.64149
 0.61825
 0.19927
 0.35524
 0.37769
 0.21811
 0.98222
 0.40886
 0.17635
 0.33144
 0.47016
 0.59925
 0.92320
 0.07469
 0.39718
 0.68001
 0.05095
 0.96845
 0.45880
 0.73674
 0.44983
 0.60180
 0.66078
 0.09324
 0.68699
 0.36322
 0.85688
 0.40170
 0.72937
 0.56648
 0.31413
 0.88048
 0.16207
 0.65128
 0.40145
 0.78243
 0.05909
 0.85702
 0.78886
 0.10179
 0.60999
 0.98058
 0.74189
 0.74635
 0.81749
 0.70759
 0.65969
 0.59263
 0.36615
 0.00947
 0.79844
 0.64149
 0.15139
 0.97257
 0.75718
 0.69544
 0.38168
 0.50172
 0.69954
 0.85529
 0.33424
 0.25064
 0.68868
 0.94931
 0.30275
 0.15828
 0.27074
 0.77631
 0.69558
 0.10591
 0.64370
 0.67809
 0.25648
 0.73302
 0.91260
 0.84463
 0.17985
 0.62153
 0.39567
 0.75871
 0.85866
 0.30037
 0.67349
 0.71752
 0.98389
 0.59826
 0.76047
 0.22308
 0.98540
 0.69381
 0.03761
 0.62036
 0.34456
 0.22556
 0.14915
 0.82217
 0.74061
 0.76759
 0.24684
 0.91337
 0.26904
 0.94834
 0.82784
 0.53582
 0.98183
 0.67450
 0.85991
 0.89514
 0.29847
 0.38470
 0.78976
 0.21038
 0.92316
 0.19254
 0.12190
 0.87379
 0.56073
 0.21992
 0.97439
 0.14255
 0.83999
 0.65093
 0.52400
 0.20820
 0.82161
 0.27335
 0.04454
 0.35412
 0.64224
 0.17999
 0.37694
 0.80605
 0.37151
 0.93453
 0.71042
 0.40287
 0.94843
 0.00998
 0.24554
 0.55285
 0.37514
 0.65658
 0.77888
 0.48708
 0.16681
 0.09514
 0.61849
 0.28223
 0.00153
 0.16440
 0.45520
 0.67110
 0.29081
 0.84281
 0.40687
 0.41061
 0.79265
 0.25877
 0.74619
 0.56185
 0.40058
 0.52312
 0.94100
 0.24486
 0.65427
 0.96008
 0.99165
 0.99841
 0.72698
 0.44842
 0.55121
 0.56463
 0.84948
 0.96398
 0.77398
 0.56468
 0.98576
 0.01321
 0.50888
 0.01855
 0.76993
 0.02903
 0.76653
 0.79566
 0.59515
 0.39935
 0.43519
 0.90005
 0.38174
 0.23215
 0.23639
 0.35461
 0.67400
 0.33947
 0.48827
 0.37881
 0.18104
 0.48502
 0.48578
 0.68425
 0.24649
 0.61913
 0.27671
 0.61318
 0.65514
 0.10196
 0.13498
 0.58148
 0.76108
 0.96278
 0.91991
 0.84619
 0.52775
 0.40012
 0.50778
 0.73598
 0.18277
 0.94454
 0.85759
 0.39882
 0.76420
 0.22057
 0.25343
 0.97425
 0.48853
 0.12410
 0.15868
 0.00118
 0.60572
 0.13025
 0.48341
 0.26755
 0.23003
 0.57977
 0.34482
 0.96179
 0.01677
 0.77499
 0.35675
 0.88618
 0.00636
 0.11627
 0.46182
 0.19997
 0.34979
 0.14137
 0.36997
 0.70987
 0.68852
 0.44490
 0.96518
 0.15305
 0.82748
 0.85963
 0.69474
 0.75823
 0.56045
 0.83186
 0.09291
 0.23823
 0.63288
 0.28566
 0.96745
 0.72188
 0.17990
 0.77679
 0.57453
 0.52831
 0.20047
 0.12839
 0.07401
 0.28434
 0.73197
 0.55167
 0.20861
 0.14417
 0.91761
 0.49897
 0.78565
 0.36752
 0.78595
 0.89814
 0.58127
 0.90469
 0.29016
 0.21425
 0.78777
 0.25977
 0.37791
 0.53519
 0.80800
 0.15125
 0.27223
 0.62819
 0.90129
 0.31933
 0.66884
 0.17394
 0.43594
 0.13480
 0.85155
 0.03059
 0.37928
 0.56749
 0.19764
 0.83682
 0.49331
 0.00515
 0.08394
 0.10542
 0.40107
 0.79170
 0.86112
 0.41561
 0.72523
 0.74272
 0.33488
 0.37325
 0.52628
 0.87840
 0.14322
 0.01625
 0.95735
 0.72748
 0.47277
 0.31505
 0.32120
 0.90654
 0.17926
 0.53819
 0.42154
 0.95068
 0.00565
 0.67768
 0.20991
 0.81702
 0.77775
 0.17863
 0.07598
 0.97810
 0.67841
 0.04674
 0.11180
 0.66426
 0.07354
 0.26698
 0.78122
 0.34683
 0.39254
 0.25640
 0.35696
 0.92693
 0.37461
 0.31255
 0.12298
 0.09582
 0.71616
 0.00250
 0.22622
 0.32347
 0.87147
 0.42271
 0.19378
 0.37504
 0.95918
 0.14729
 0.88201
 0.24847
 0.47922
 0.41877
 0.07521
 0.31267
 0.52945
 0.05544
 0.03656
 0.35143
 0.01063
 0.94975
 0.55440
 0.53056
 0.06966
 0.21995
 0.53593
 0.42252
 0.10619
 0.07052
 0.09811
 0.56838
 0.60199
 0.83925
 0.29917
 0.54618
 0.86289
 0.20946
 0.14946
 0.52008
 0.55361
 0.01194
 0.83848
 0.62731
 0.53001
 0.82576
 0.19948
 0.84996
 0.66594
 0.52438
 0.79209
 0.25677
 0.94544
 0.47853
 0.99704
 0.64600
 0.27930
 0.56759
 0.14108
 0.94795
 0.14693
 0.86395
 0.02949
 0.23340
 0.94364
 0.43978
 0.18953
 0.43291
 0.68347
 0.76919
 0.37035
 0.86380
 0.97511
 0.57935
 0.69339
 0.57036
 0.70730
 0.98472
 0.50768
 0.13340
 0.82204
 0.19399
 0.45129
 0.59292
 0.05185
 0.00821
 0.92304
 0.06908
 0.56260
 0.36680
 0.05793
 0.39525
 0.76936
 0.71386
 0.54201
 0.84101
 0.65947
 0.35613
 0.59312
 0.67613
 0.64928
 0.05564
 0.61576
 0.20058
 0.85622
 0.70508
 0.95383
 0.40570
 0.04711
 0.96290
 0.90387
 0.78853
 0.77599
 0.77355
 0.03607
 0.89444
 0.74550
 0.66449
 0.42071
 0.15291
 0.91129
 0.46719
 0.21043
 0.47948
 0.98081
 0.08738
 0.54783
 0.46287
 0.66855
 0.20456
 0.17800
 0.98964
 0.36981
 0.44333
 0.05370
 0.54948
 0.83420
 0.80322
 0.60132
 0.43073
 0.86640
 0.19141
 0.35573
 0.72265
 0.72013
 0.83060
 0.91479
 0.62059
 0.91894
 0.86832
 0.07573
 0.00007
 0.11517
 0.58601
 0.01159
 0.81147
 0.62536
 0.73520
 0.11140
 0.81485
 0.58772
 0.28858
 0.71203
 0.77130
 0.90735
 0.33077
 0.95390
 0.36736
 0.55648
 0.16810
 0.00601
 0.90387
 0.28672
 0.87440
 0.22249
 0.84367
 0.51612
 0.87708
 0.70389
 0.60278
 0.68850
 0.03146
 0.78101
 0.62965
 0.76368
 0.89327
 0.88761
 0.79869
 0.20316
 0.81676
 0.45161
 0.19079
 0.94264
 0.09149
 0.56925
 0.89865
 0.81479
 0.21510
 0.78110
 0.08580
 0.84501
 0.38414
 0.31230
 0.53487
 0.75944
 0.74409
 0.26399
 0.71727
 0.42126
 0.12030
 0.69023
 0.95685
 0.31984
 0.93793
 0.88870
 0.26681
 0.16755
 0.93689
 0.33064
 0.37729
 0.39439
 0.18531
 0.38205
 0.53924
 0.14761
 0.83851
 0.74665
 0.72050
 0.48927
 0.98447
 0.25922
 0.96307
 0.06886
 0.40337
 0.03240
 0.28572
 0.72645
 0.25013
 0.96825
 0.56945
 0.01975
 0.64255
 0.50568
 0.53701
 0.44770
 0.32982
 0.09508
 0.78367
 0.02034
 0.93527
 0.98039
 0.17134
 0.09096
 0.51286
 0.55666
 0.72152
 0.27995
 0.28715
 0.58938
 0.55597
 0.53931
 0.66817
 0.18109
 0.98767
 0.76107
 0.53931
 0.40505
 0.97193
 0.99225
 0.08628
 0.26642
 0.01019
 0.70679
 0.68520
 0.57409
 0.57829
 0.26641
 0.32222
 0.87416
 0.40217
 0.60967
 0.33040
 0.87606
 0.72319
 0.37076
 0.66735
 0.86631
 0.71248
 0.87151
 0.01030
 0.56709
 0.80550
 0.54927
 0.70888
 0.10286
 0.93181
 0.37058
 0.46179
 0.88420
 0.22920
 0.37064
 0.79213
 0.89475
 0.53939
 0.98765
 0.11766
 0.92784
 0.44496
 0.28988
 0.95422
 0.96863
 0.38194
 0.93539
 0.61863
 0.28638
 0.34753
 0.26466
 0.24852
 0.32378
 0.84137
 0.86768
 0.83270
 0.11871
 0.85076
 0.98545
 0.12551
 0.93027
 0.22935
 0.61349
 0.02690
 0.51332
 0.87544
 0.78286
 0.97993
 0.48034
 0.96400
 0.37289
 0.16999
 0.97977
 0.18340
 0.35486
 0.63710
 0.64289
 0.29236
 0.46198
 0.24155
 0.11595
 0.89969
 0.27763
 0.32192
 0.87031
 0.00044
 0.77708
 0.68963
 0.57852
 0.00774
 0.89553
 0.26440
 0.69986
 0.79317
 0.86931
 0.84922
 0.93610
 0.69118
 0.25971
 0.06172
 0.31606
 0.68103
 0.02956
 0.19525
 0.53102
 0.48368
 0.03089
 0.38285
 0.34900
 0.80417
 0.10294
 0.41119
 0.64330
 0.63644
 0.56040
 0.13701
 0.29157
 0.70630
 0.48976
 0.93162
 0.58463
 0.00809
 0.39186
 0.40342
 0.17588
 0.67800
 0.73995
 0.66035
 0.17638
 0.28801
 0.36742
 0.76819
 0.24080
 0.28210
 0.02140
 0.78775
 0.11454
 0.45447
 0.81422
 0.87981
 0.72091
 0.86482
 0.67690
 0.62961
 0.05432
 0.73451
 0.60172
 0.18620
 0.61197
 0.82831
 0.73698
 0.53032
 0.33929
 0.39644
 0.61556
 0.25271
 0.79500
 0.66917
 0.90766
 0.70624
 0.11565
 0.77105
 0.01226
 0.36280
 0.38397
 0.95562
 0.36581
 0.41776
 0.04063
 0.10599
 0.65694
 0.11280
 0.01156
 0.32834
 0.64972
 0.32938
 0.56369
 0.75709
 0.35699
 0.88396
 0.93974
 0.81146
 0.48388
 0.84023
 0.51958
 0.65718
 0.16247
 0.15125
 0.91052
 0.62811
 0.16151
 0.06732
 0.16707
 0.96422
 0.23827
 0.79769
 0.44899
 0.36036
 0.53037
 0.34964
 0.13631
 0.94410
 0.33238
 0.78091
 0.21563
 0.62294
 0.16857
 0.34544
 0.25024
 0.02579
 0.81946
 0.91997
 0.17451
 0.03273
 0.74213
 0.28558
 0.34429
 0.10409
 0.37917
 0.22228
 0.79146
 0.70038
 0.89969
 0.52898
 0.92315
 0.90549
 0.46017
 0.30465
 0.81258
 0.35404
 0.48750
 0.67217
 0.57597
 0.26013
 0.62883
 0.46671
 0.21179
 0.01226
 0.18969
 0.50665
 0.75732
 0.84674
 0.50920
 0.94369
 0.53238
 0.19511
 0.88203
 0.38058
 0.00207
 0.74900
 0.95218
 0.48753
 0.31408
 0.33214
 0.68665
 0.48387
 0.36748
 0.81211
 0.71232
 0.45775
 0.72873
 0.73608
 0.78455
 0.08216
 0.05542
 0.59630
 0.17078
 0.93343
 0.96282
 0.89788
 0.21900
 0.37789
 0.83526
 0.45742
 0.33843
 0.82992
 0.29980
 0.38456
 0.07395
 0.33568
 0.62323
 0.95577
 0.64696
 0.75028
 0.21488
 0.67908
 0.30166
 0.16479
 0.69211
 0.14694
 0.85516
 0.30308
 0.32092
 0.28001
 0.15635
 0.43530
 0.79743
 0.76834
 0.93322
 0.23769
 0.30816
 0.75092
 0.79017
 0.63918
 0.62203
 0.69963
 0.09698
 0.89555
 0.36413
 0.10463
 0.47294
 0.68390
 0.33547
 0.53940
 0.01696
 0.14278
 0.58373
 0.53250
 0.38483
 0.89281
 0.23795
 0.01588
 0.80148
 0.24123
 0.95948
 0.57117
 0.89335
 0.07626
 0.10687
 0.30252
 0.16960
 0.66703
 0.40493
 0.30444
 0.70848
 0.79232
 0.41185
 0.60037
 0.78988
 0.18467
 0.65829
 0.08223
 0.05600
 0.67506
 0.30080
 0.27492
 0.18858
 0.27917
 0.46293
 0.64723
 0.85364
 0.56967
 0.49622
 0.99382
 0.69123
 0.98694
 0.97335
 0.86492
 0.13314
 0.89513
 0.42786
 0.89276
 0.66023
 0.78725
 0.25087
 0.97556
 0.51626
 0.11210
 0.30202
 0.46420
 0.74229
 0.70437
 0.58964
 0.23683
 0.82353
 0.29558
 0.88500
 0.08240
 0.22710
 0.15848
 0.42894
 0.54460
 0.87884
 0.98670
 0.50091
 0.02149
 0.50218
 0.92565
 0.42344
 0.06498
 0.66031
 0.65175
 0.48019
 0.19065
 0.26324
 0.77029
 0.42148
 0.54324
 0.48477
 0.48027
 0.78053
 0.93989
 0.51965
 0.84787
 0.80587
 0.62481
 0.17484
 0.72757
 0.18082
 0.25936
 0.25795
 0.11628
 0.21053
 0.34444
 0.34545
 0.38080
 0.25286
 0.68740
 0.55660
 0.33051
 0.07882
 0.24488
 0.48312
 0.90953
 0.75813
 0.30294
 0.94704
 0.33319
 0.21084
 0.71665
 0.95248
 0.71192
 0.08690
 0.41416
 0.89715
 0.62820
 0.62259
 0.84513
 0.59795
 0.73408
 0.62126
 0.03064
 0.72000
 0.09023
 0.91710
 0.02378
 0.86129
 0.78477
 0.51579
 0.87387
 0.86889
 0.89432
 0.23824
 0.07046
 0.97089
 0.10610
 0.06529
 0.04527
 0.45033
 0.73975
 0.13111
 0.06706
 0.98485
 0.70873
 0.51844
 0.76252
 0.65366
 0.92690
 0.49892
 0.21065
 0.43854
 0.49427
 0.59932
 0.56632
 0.00479
 0.50042
 0.16638
 0.70697
 0.55397
 0.89166
 0.06730
 0.08252
 0.47878
 0.85716
 0.03079
 0.03840
 0.79989
 0.48029
 0.97249
 0.77182
 0.05649
 0.62207
 0.86553
 0.97489
 0.86171
 0.74051
 0.78184
 0.58083
 0.42893
 0.47865
 0.23843
 0.99197
 0.35594
 0.02732
 0.60642
 0.90738
 0.50787
 0.39638
 0.58161
 0.83380
 0.83183
 0.74892
 0.80583
 0.92378
 0.07076
 0.80537
 0.72568
 0.20620
 0.70507
 0.86204
 0.99577
 0.26053
 0.86738
 0.95970
 0.58962
 0.82141
 0.08315
 0.44800
 0.97941
 0.44611
 0.92978
 0.19257
 0.46917
 0.21738
 0.28162
 0.76903
 0.44619
 0.46994
 0.10222
 0.77514
 0.84009
 0.94186
 0.85368
 0.96718
 0.10399
 0.82387
 0.92783
 0.12468
 0.56191
 0.68773
 0.20429
 0.43426
 0.79293
 0.99126
 0.25605
 0.59481
 0.60126
 0.45820
 0.63872
 0.61256
 0.13957
 0.96218
 0.08376
 0.67965
 0.09879
 0.03380
 0.30091
 0.14737
 0.79070
 0.71289
 0.91078
 0.42408
 0.22159
 0.37750
 0.29511
 0.03179
 0.05524
 0.21789
 0.70648
 0.32860
 0.39640
 0.50141
 0.44119
 0.95159
 0.08764
 0.94622
 0.42633
 0.33793
 0.30768
 0.02238
 0.88754
 0.66909
 0.43788
 0.32180
 0.21995
 0.31240
 0.87744
 0.35923
 0.69525
 0.21245
 0.31807
 0.82267
 0.75766
 0.50672
 0.83313
 0.85750
 0.96431
 0.95653
 0.87057
 0.29117
 0.72719
 0.65183
 0.95585
 0.39772
 0.10904
 0.94573
 0.75081
 0.95511
 0.89853
 0.14425
 0.27837
 0.40974
 0.49704
 0.44856
 0.70325
 0.07982
 0.83606
 0.45481
 0.67350
 0.06145
 0.10411
 0.21405
 0.73525
 0.65106
 0.69974
 0.03601
 0.61682
 0.14615
 0.26139
 0.91304
 0.07201
 0.58947
 0.80157
 0.15345
 0.54166
 0.93403
 0.84143
 0.42555
 0.95576
 0.30504
 0.50155
 0.66408
 0.66722
 0.90705
 0.90840
 0.32729
 0.61743
 0.26432
 0.80068
 0.66586
 0.02318
 0.71810
 0.75953
 0.75406
 0.47104
 0.82058
 0.59187
 0.59978
 0.47599
 0.60311
 0.44817
 0.51378
 0.92360
 0.25732
 0.73055
 0.55928
 0.16938
 0.75625
 0.06742
 0.48599
 0.10116
 0.98655
 0.23095
 0.24221
 0.79130
 0.38175
 0.54344
 0.73082
 0.50241
 0.07104
 0.31152
 0.75905
 0.92079
 0.42354
 0.00711
 0.74624
 0.44672
 0.80462
 0.21799
 0.63464
 0.08757
 0.29188
 0.25383
 0.81129
 0.48589
 0.49017
 0.82769
 0.36463
 0.24463
 0.41385
 0.46339
 0.13736
 0.54026
 0.95863
 0.21101
 0.13031
 0.11045
 0.56271
 0.18991
 0.89740
 0.16197
 0.47726
 0.50596
 0.91698
 0.29893
 0.75020
 0.43165
 0.50758
 0.04837
 0.47538
 0.31504
 0.90655
 0.62659
 0.23182
 0.61502
 0.86409
 0.23936
 0.11197
 0.90220
 0.12211
 0.81590
 0.33513
 0.74950
 0.23394
 0.40586
 0.04699
 0.36987
 0.06117
 0.13146
 0.75429
 0.81762
 0.56693
 0.30138
 0.78380
 0.69104
 0.78715
 0.64040
 0.05769
 0.99868
 0.22643
 0.07517
 0.31180
 0.29501
 0.29737
 0.84528
 0.73200
 0.08831
 0.80740
 0.74500
 0.21946
 0.23808
 0.62961
 0.39390
 0.63419
 0.96216
 0.00717
 0.31195
 0.80672
 0.07936
 0.84683
 0.23602
 0.66416
 0.46198
 0.20257
 0.93262
 0.15531
 0.98202
 0.41769
 0.53372
 0.67846
 0.26856
 0.10288
 0.93510
 0.69742
 0.33389
 0.70807
 0.90675
 0.22859
 0.05142
 0.74622
 0.31714
 0.54275
 0.36239
 0.97988
 0.57610
 0.61953
 0.20573
 0.78871
 0.96067
 0.05363
 0.44477
 0.96228
 0.93253
 0.61042
 0.79128
 0.69344
 0.20287
 0.58613
 0.45192
 0.82266
 0.82734
 0.16099
 0.36862
 0.38148
 0.89211
 0.33822
 0.40037
 0.84158
 0.61473
 0.76747
 0.93908
 0.38737
 0.02914
 0.15423
 0.43042
 0.51305
 0.23475
 0.12813
 0.53485
 0.93005
 0.16243
 0.28230
 0.99683
 0.87693
 0.77922
 0.14564
 0.81041
 0.24570
 0.37716
 0.98677
 0.88174
 0.99702
 0.68962
 0.86912
 0.19054
 0.01805
 0.92432
 0.42944
 0.02530
 0.53903
 0.14777
 0.10315
 0.88064
 0.27380
 0.38712
 0.07948
 0.22793
 0.14568
 0.30246
 0.64354
 0.10498
 0.81780
 0.11735
 0.16031
 0.69544
 0.96354
 0.71824
 0.50251
 0.15062
 0.43775
 0.85145
 0.66156
 0.20402
 0.63581
 0.85081
 0.26578
 0.62144
 0.03228
 0.88377
 0.99526
 0.73982
 0.10160
 0.40800
 0.34453
 0.94060
 0.33021
 0.36540
 0.45704
 0.02684
 0.31299
 0.96496
 0.75012
 0.34415
 0.03675
 0.81252
 0.64471
 0.61422
 0.49586
 0.60028
 0.04212
 0.53787
 0.30638
 0.43831
 0.78258
 0.85760
 0.53551
 0.69874
 0.73786
 0.90076
 0.70001
 0.87084
 0.85506
 0.70536
 0.03259
 0.23878
 0.44164
 0.96140
 0.02292
 0.28693
 0.57662
 0.09100
 0.37005
 0.92711
 0.09166
 0.66950
 0.59639
 0.06436
 0.65220
 0.56949
 0.35334
 0.24452
 0.08791
 0.33658
 0.43510
 0.36272
 0.50430
 0.73428
 0.41078
 0.26476
 0.59047
 0.59724
 0.62347
 0.65354
 0.30033
 0.29310
 0.83013
 0.40984
 0.64712
 0.52284
 0.67938
 0.83699
 0.05068
 0.08360
 0.16281
 0.95488
 0.32110
 0.93492
 0.28291
 0.67968
 0.00927
 0.74020
 0.19802
 0.63351
 0.86729
 0.75560
 0.08865
 0.14202
 0.39057
 0.92807
 0.05335
 0.21309
 0.70684
 0.20790
 0.27689
 0.63860
 0.65139
 0.36241
 0.79256
 0.10393
 0.29029
 0.26909
 0.87751
 0.26048
 0.64282
 0.31040
 0.30796
 0.35067
 0.22380
 0.68229
 0.06248
 0.08862
 0.53967
 0.46747
 0.54074
 0.92845
 0.32721
 0.01828
 0.68205
 0.30215
 0.25586
 0.04602
 0.70803
 0.88702
 0.71045
 0.73137
 0.92261
 0.78413
 0.30836
 0.56774
 0.09391
 0.52346
 0.04074
 0.48097
 0.38937
 0.50846
 0.05240
 0.16817
 0.82767
 0.72829
 0.12769
 0.89580
 0.65644
 0.12357
 0.04137
 0.47342
 0.86866
 0.59298
 0.24729
 0.89502
 0.35358
 0.36826
 0.50422
 0.65747
 0.90218
 0.06200
 0.48157
 0.89346
 0.76030
 0.15396
 0.32109
 0.75078
 0.18327
 0.21713
 0.57984
 0.50332
 0.22870
 0.59226
 0.04887
 0.06585
 0.14635
 0.92416
 0.77327
 0.36899
 0.72132
 0.01980
 0.65051
 0.68758
 0.31344
 0.53945
 0.96834
 0.60573
 0.39261
 0.84912
 0.12129
 0.40824
 0.36584
 0.13418
 0.87617
 0.39730
 0.44334
 0.54480
 0.41927
 0.19758
 0.22671
 0.74617
 0.71694
 0.25646
 0.54230
 0.91638
 0.81630
 0.36634
 0.99589
 0.48393
 0.94002
 0.96576
 0.96234
 0.83220
 0.63970
 0.06317
 0.06983
 0.35843
 0.00689
 0.02575
 0.77221
 0.59822
 0.63426
 0.21077
 0.67970
 0.56986
 0.46598
 0.53771
 0.92702
 0.28157
 0.46644
 0.60266
 0.72115
 0.03424
 0.80644
 0.46420
 0.20193
 0.25592
 0.22003
 0.60801
 0.34064
 0.05906
 0.11362
 0.80666
 0.36785
 0.84074
 0.89010
 0.85226
 0.35894
 0.48250
 0.58460
 0.89692
 0.25686
 0.14503
 0.83796
 0.34540
 0.34448
 0.64471
 0.59035
 0.49685
 0.84510
 0.99099
 0.26740
 0.64892
 0.57806
 0.70794
 0.61642
 0.19166
 0.19498
 0.48035
 0.76017
 0.37299
 0.81714
 0.48678
 0.18272
 0.47443
 0.73316
 0.07898
 0.31371
 0.49856
 0.76453
 0.45650
 0.47902
 0.34900
 0.85863
 0.07947
 0.14546
 0.29514
 0.23938
 0.70288
 0.24246
 0.20927
 0.68323
 0.44729
 0.77827
 0.06551
 0.85109
 0.35271
 0.85599
 0.46341
 0.43571
 0.82718
 0.36594
 0.27860
 0.44562
 0.75443
 0.61108
 0.84887
 0.79352
 0.94593
 0.52456
 0.84568
 0.89889
 0.20551
 0.08055
 0.54516
 0.16984
 0.27441
 0.11275
 0.84858
 0.97947
 0.54391
 0.05825
 0.60202
 0.46028
 0.34484
 0.71311
 0.03557
 0.31760
 0.38017
 0.07528
 0.93827
 0.28198
 0.67908
 0.94597
 0.40899
 0.66246
 0.45219
 0.76439
 0.68998
 0.96638
 0.05246
 0.05591
 0.00124
 0.34013
 0.50737
 0.25262
 0.37231
 0.09275
 0.94364
 0.25546
 0.96365
 0.31086
 0.26581
 0.51200
 0.56692
 0.30769
 0.60128
 0.71115
 0.32955
 0.89000
 0.55752
 0.55146
 0.62930
 0.80399
 0.83990
 0.16679
 0.20557
 0.39327
 0.43868
 0.99747
 0.71460
 0.93893
 0.36222
 0.15933
 0.47396
 0.54028
 0.85144
 0.03155
 0.56239
 0.60550
 0.61476
 0.86460
 0.60993
 0.07852
 0.76234
 0.37022
 0.25216
 0.37721
 0.26692
 0.89621
 0.55543
 0.97851
 0.65440
 0.48212
 0.72905
 0.86736
 0.46673
 0.98368
 0.38484
 0.15577
 0.96289
 0.04568
 0.60719
 0.98516
 0.79398
 0.62690
 0.32315
 0.06653
 0.29796
 0.87258
 0.50665
 0.22183
 0.56039
 0.84422
 0.90272
 0.04093
 0.80090
 0.40106
 0.74397
 0.53418
 0.41438
 0.50997
 0.18180
 0.87488
 0.63476
 0.48037
 0.81529
 0.46177
 0.00502
 0.92291
 0.79446
 0.56482
 0.12282
 0.45179
 0.46785
 0.75758
 0.17495
 0.80472
 0.79951
 0.40639
 0.55924
 0.81288
 0.84702
 0.22587
 0.99596
 0.33991
 0.32003
 0.49416
 0.99247
 0.24817
 0.24094
 0.36295
 0.16488
 0.91881
 0.85666
 0.58713
 0.00995
 0.73049
 0.38903
 0.25389
 0.64041
 0.25757
 0.29396
 0.23589
 0.19733
 0.04975
 0.22300
 0.86088
 0.00019
 0.18243
 0.64170
 0.20833
 0.30652
 0.08086
 0.38057
 0.44222
 0.01176
 0.93582
 0.46988
 0.91899
 0.88701
 0.03923
 0.39568
 0.15754
 0.37009
 0.93957
 0.12524
 0.10018
 0.75622
 0.91062
 0.39199
 0.65584
 0.20564
 0.35277
 0.39167
 0.81696
 0.90791
 0.71428
 0.24230
 0.97944
 0.50025
 0.58706
 0.21947
 0.47798
 0.24925
 0.81519
 0.77472
 0.39825
 0.34018
 0.69603
 0.40712
 0.80120
 0.05584
 0.14613
 0.34433
 0.94572
 0.03736
 0.36318
 0.97390
 0.44813
 0.36836
 0.43619
 0.27669
 0.87402
 0.07315
 0.30777
 0.54989
 0.45479
 0.78592
 0.65333
 0.97890
 0.93120
 0.03043
 0.90217
 0.95765
 0.04069
 0.49888
 0.38213
 0.14538
 0.15581
 0.72493
 0.73362
 0.97849
 0.08062
 0.37828
 0.92381
 0.78717
 0.29082
 0.05992
 0.70135
 0.92506
 0.22621
 0.54895
 0.63062
 0.05343
 0.15780
 0.05854
 0.25693
 0.11017
 0.29095
 0.58600
 0.49881
 0.15498
 0.29362
 0.46554
 0.70327
 0.88068
 0.33015
 0.32631
 0.14983
 0.47782
 0.67852
 0.99720
 0.70590
 0.48576
 0.70361
 0.88166
 0.43226
 0.43444
 0.74842
 0.99513
 0.47082
 0.64235
 0.02768
 0.43318
 0.10549
 0.41116
 0.67228
 0.88088
 0.55798
 0.50835
 0.86187
 0.83991
 0.94481
 0.88270
 0.01025
 0.05593
 0.49133
 0.13207
 0.10773
 0.78155
 0.22331
 0.93448
 0.61445
 0.79028
 0.58235
 0.22111
 0.88916
 0.46228
 0.91346
 0.09094
 0.86423
 0.21307
 0.87086
 0.05957
 0.18844
 0.29349
 0.80289
 0.56797
 0.62437
 0.00974
 0.41408
 0.33832
 0.58763
 0.74052
 0.35666
 0.09394
 0.51677
 0.08633
 0.77862
 0.23145
 0.41826
 0.60436
 0.85888
 0.73346
 0.72694
 0.14988
 0.86432
 0.61843
 0.65293
 0.40319
 0.48542
 0.65505
 0.28260
 0.48584
 0.62045
 0.68184
 0.53547
 0.09522
 0.35793
 0.31271
 0.44797
 0.38773
 0.00509
 0.99022
 0.81535
 0.27025
 0.54754
 0.76044
 0.96498
 0.80507
 0.07988
 0.61432
 0.95361
 0.50676
 0.47078
 0.56486
 0.17028
 0.73715
 0.10649
 0.58545
 0.17878
 0.82738
 0.41458
 0.42943
 0.67710
 0.63797
 0.10444
 0.24384
 0.83702
 0.92604
 0.28214
 0.00797
 0.94421
 0.84620
 0.66460
 0.49232
 0.63754
 0.91541
 0.61210
 0.50924
 0.15832
 0.25605
 0.48437
 0.60752
 0.78540
 0.04332
 0.67274
 0.42462
 0.05298
 0.61063
 0.03730
 0.02505
 0.43003
 0.53653
 0.86696
 0.59349
 0.05596
 0.85999
 0.91277
 0.25066
 0.71746
 0.26561
 0.68356
 0.51514
 0.83667
 0.05381
 0.83506
 0.50774
 0.00494
 0.71722
 0.04054
 0.89508
 0.34897
 0.30908
 0.57560
 0.70852
 0.10085
 0.48518
 0.88793
 0.45420
 0.06728
 0.71758
 0.26711
 0.84601
 0.13410
 0.80415
 0.81598
 0.79150
 0.92537
 0.16804
 0.55647
 0.65915
 0.39993
 0.07786
 0.26492
 0.08415
 0.78412
 0.65035
 0.14055
 0.06397
 0.11770
 0.75592
 0.35044
 0.06927
 0.94220
 0.38639
 0.37502
 0.17497
 0.10735
 0.28350
 0.99469
 0.74816
 0.77608
 0.55092
 0.73450
 0.01882
 0.84883
 0.77165
 0.38743
 0.13058
 0.43667
 0.32630
 0.07612
 0.88276
 0.12993
 0.94428
 0.14687
 0.48504
 0.08727
 0.70981
 0.33577
 0.30706
 0.76322
 0.08523
 0.95387
 0.76811
 0.49951
 0.55011
 0.62239
 0.21613
 0.66101
 0.38254
 0.42920
 0.77409
 0.94243
 0.70812
 0.50446
 0.54169
 0.95082
 0.25272
 0.95894
 0.24710
 0.05329
 0.81609
 0.84661
 0.10067
 0.48295
 0.48967
 0.35172
 0.59145
 0.68392
 0.79692
 0.68758
 0.75448
 0.33130
 0.32721
 0.03543
 0.17267
 0.21421
 0.09978
 0.55170
 0.03084
 0.91306
 0.96608
 0.81218
 0.19685
 0.32454
 0.76823
 0.94826
 0.29350
 0.70189
 0.39376
 0.33358
 0.81162
 0.38726
 0.63622
 0.99322
 0.53298
 0.37121
 0.57500
 0.12056
 0.91445
 0.27503
 0.40463
 0.89433
 0.25003
 0.76596
 0.86147
 0.50820
 0.53808
 0.90530
 0.84723
 0.03776
 0.35617
 0.62739
 0.54273
 0.36193
 0.14327
 0.20163
 0.66781
 0.36504
 0.39656
 0.20941
 0.29322
 0.71505
 0.22492
 0.34555
 0.55864
 0.66124
 0.83176
 0.66727
 0.39646
 0.21649
 0.57143
 0.72172
 0.09531
 0.45908
 0.89516
 0.62932
 0.11518
 0.42550
 0.14712
 0.74544
 0.81075
 0.84156
 0.69483
 0.47208
 0.89506
 0.64852
 0.70248
 0.09796
 0.15366
 0.04725
 0.30799
 0.69468
 0.55672
 0.78625
 0.97494
 0.13885
 0.24190
 0.31445
 0.26679
 0.30972
 0.06582
 0.34489
 0.22682
 0.80397
 0.95492
 0.74949
 0.04805
 0.46681
 0.25242
 0.44422
 0.19517
 0.55408
 0.50192
 0.81532
 0.85299
 0.40170
 0.23165
 0.56909
 0.54110
 0.82673
 0.04216
 0.58993
 0.97009
 0.36420
 0.22315
 0.37364
 0.75671
 0.25709
 0.05306
 0.02726
 0.77968
 0.18651
 0.90512
 0.24078
 0.86201
 0.85563
 0.55701
 0.36525
 0.22956
 0.27349
 0.33034
 0.57904
 0.37192
 0.72548
 0.01153
 0.21326
 0.57300
 0.92265
 0.19316
 0.14683
 0.21207
 0.61608
 0.05212
 0.91454
 0.01409
 0.51926
 0.11906
 0.80269
 0.96280
 0.77028
 0.85141
 0.53734
 0.81111
 0.34553
 0.15007
 0.75519
 0.72270
 0.26458
 0.03860
 0.15546
 0.63787
 0.40760
 0.92606
 0.00441
 0.87652
 0.67530
 0.52004
 0.30585
 0.40278
 0.08633
 0.17782
 0.31434
 0.68504
 0.84712
 0.67344
 0.27053
 0.17286
 0.16258
 0.32449
 0.41881
 0.38919
 0.05339
 0.52267
 0.87370
 0.30020
 0.91794
 0.53181
 0.81728
 0.37899
 0.00676
 0.03018
 0.17518
 0.06439
 0.48311
 0.57505
 0.82218
 0.67325
 0.96099
 0.72443
 0.45849
 0.61438
 0.21687
 0.07196
 0.46077
 0.71679
 0.91923
 0.27656
 0.75831
 0.28601
 0.34842
 0.71548
 0.11519
 0.29113
 0.31225
 0.23059
 0.24253
 0.41619
 0.14549
 0.49100
 0.36162
 0.80681
 0.23031
 0.96894
 0.72906
 0.77491
 0.56197
 0.27489
 0.91764
 0.92875
 0.62034
 0.08526
 0.07220
 0.19888
 0.80097
 0.44648
 0.00622
 0.61317
 0.35940
 0.91175
 0.92423
 0.30650
 0.25544
 0.34864
 0.04058
 0.33344
 0.09033
 0.04170
 0.80340
 0.48059
 0.56034
 0.92495
 0.95835
 0.73923
 0.48351
 0.32082
 0.83116
 0.49818
 0.47867
 0.46980
 0.75643
 0.74809
 0.00751
 0.51323
 0.08880
 0.87588
 0.61857
 0.72381
 0.95629
 0.52322
 0.42836
 0.82456
 0.03112
 0.22309
 0.20006
 0.09367
 0.50343
 0.77855
 0.48023
 0.20284
 0.49000
 0.42449
 0.85201
 0.17627
 0.91796
 0.73215
 0.68524
 0.72690
 0.81318
 0.41690
 0.27399
 0.97285
 0.27967
 0.39829
 0.09745
 0.78997
 0.59252
 0.59499
 0.20195
 0.57283
 0.08798
 0.31106
 0.33315
 0.63564
 0.05317
 0.68797
 0.91688
 0.72834
 0.18072
 0.13329
 0.39989
 0.08337
 0.64241
 0.31994
 0.45627
 0.40326
 0.18645
 0.83293
 0.17325
 0.90179
 0.85482
 0.69745
 0.40293
 0.76656
 0.82503
 0.36061
 0.66323
 0.13626
 0.02388
 0.10251
 0.93013
 0.19173
 0.26193
 0.29100
 0.26763
 0.46188
 0.78287
 0.57275
 0.89221
 0.66150
 0.99761
 0.30684
 0.30088
 0.10428
 0.58092
 0.13628
 0.19041
 0.68684
 0.29319
 0.70123
 0.09305
 0.91822
 0.77785
 0.10669
 0.39801
 0.30546
 0.55928
 0.98148
 0.93525
 0.29330
 0.70246
 0.21050
 0.60195
 0.29035
 0.08403
 0.66936
 0.45920
 0.92087
 0.99205
 0.25564
 0.01999
 0.72615
 0.18321
 0.45628
 0.63401
 0.69501
 0.50164
 0.68295
 0.38270
 0.45358
 0.70898
 0.81636
 0.00537
 0.36613
 0.10068
 0.13124
 0.21484
 0.36146
 0.86604
 0.38861
 0.75396
 0.50451
 0.73960
 0.23551
 0.74308
 0.75840
 0.51218
 0.33760
 0.99637
 0.40710
 0.31126
 0.83452
 0.07327
 0.30148
 0.12861
 0.48753
 0.42872
 0.09337
 0.39736
 0.68824
 0.13957
 0.38128
 0.58124
 0.11514
 0.90278
 0.32153
 0.85305
 0.43248
 0.40452
 0.94124
 0.91624
 0.85910
 0.19406
 0.80213
 0.26600
 0.25549
 0.71866
 0.29186
 0.66614
 0.14453
 0.94833
 0.08508
 0.88257
 0.76497
 0.23674
 0.06358
 0.19156
 0.56343
 0.09743
 0.37691
 0.22445
 0.72622
 0.70148
 0.37485
 0.79536
 0.10953
 0.15311
 0.84298
 0.58417
 0.11021
 0.79694
 0.94148
 0.98423
 0.18351
 0.11953
 0.54784
 0.26273
 0.21021
 0.01786
 0.78088
 0.92814
 0.57802
 0.90456
 0.02660
 0.37438
 0.69651
 0.17081
 0.85646
 0.35094
 0.57990
 0.93828
 0.72202
 0.35508
 0.25900
 0.47661
 0.15014
 0.50761
 0.42957
 0.96109
 0.73648
 0.84152
 0.03004
 0.32724
 0.21149
 0.60780
 0.75211
 0.55657
 0.80419
 0.03695
 0.55444
 0.38674
 0.19213
 0.87685
 0.23746
 0.43746
 0.63589
 0.98182
 0.90159
 0.97719
 0.41481
 0.80467
 0.49456
 0.74336
 0.51638
 0.75688
 0.07448
 0.99644
 0.03210
 0.08757
 0.30541
 0.27052
 0.92417
 0.05774
 0.51180
 0.80846
 0.45763
 0.59631
 0.70478
 0.68252
 0.95828
 0.78223
 0.62815
 0.20503
 0.67681
 0.48557
 0.63983
 0.35872
 0.00853
 0.16096
 0.09386
 0.30190
 0.47561
 0.84729
 0.54526
 0.69002
 0.96297
 0.55185
 0.38406
 0.46333
 0.69423
 0.91201
 0.00676
 0.18298
 0.05432
 0.15505
 0.57616
 0.59209
 0.02400
 0.95492
 0.00393
 0.04368
 0.55459
 0.60107
 0.69753
 0.52206
 0.56790
 0.64260
 0.17190
 0.40396
 0.04356
 0.83298
 0.57696
 0.71360
 0.88520
 0.88737
 0.99458
 0.11098
 0.18751
 0.71940
 0.58172
 0.03829
 0.29832
 0.79373
 0.26374
 0.43418
 0.46472
 0.82706
 0.46894
 0.79622
 0.35870
 0.49946
 0.82712
 0.12865
 0.18829
 0.58738
 0.25056
 0.35305
 0.57074
 0.18629
 0.23998
 0.81471
 0.23044
 0.30116
 0.40242
 0.90507
 0.97437
 0.78997
 0.12479
 0.23674
 0.72883
 0.38281
 0.83742
 0.12013
 0.30894
 0.73476
 0.85052
 0.88197
 0.32830
 0.05019
 0.60616
 0.45157
 0.23989
 0.02698
 0.70264
 0.52651
 0.64473
 0.43891
 0.22041
 0.19809
 0.32065
 0.88620
 0.97348
 0.17309
 0.89127
 0.49956
 0.76783
 0.61040
 0.37793
 0.88488
 0.93768
 0.23776
 0.68182
 0.19020
 0.68534
 0.37128
 0.65561
 0.06251
 0.02295
 0.45918
 0.53408
 0.36598
 0.99975
 0.98086
 0.23937
 0.08874
 0.98018
 0.36309
 0.58005
 0.98896
 0.24443
 0.68559
 0.32482
 0.47744
 0.97616
 0.95820
 0.38858
 0.93754
 0.75726
 0.84102
 0.36297
 0.32166
 0.27811
 0.69290
 0.48165
 0.86612
 0.12535
 0.89149
 0.25768
 0.21814
 0.23793
 0.49045
 0.61607
 0.08485
 0.17392
 0.75247
 0.79093
 0.01846
 0.32789
 0.12883
 0.70391
 0.56936
 0.38044
 0.28579
 0.80655
 0.35048
 0.76635
 0.13866
 0.88625
 0.78373
 0.23476
 0.72319
 0.58019
 0.50236
 0.02955
 0.85296
 0.06229
 0.24145
 0.65519
 0.59806
 0.25873
 0.17488
 0.76764
 0.93304
 0.42995
 0.65059
 0.06573
 0.94922
 0.54977
 0.51254
 0.36115
 0.04031
 0.75106
 0.35908
 0.16247
 0.68015
 0.36779
 0.99594
 0.40806
 0.79429
 0.83845
 0.22303
 0.50292
 0.28993
 0.04260
 0.93715
 0.92101
 0.13405
 0.36444
 0.71824
 0.62133
 0.48009
 0.94475
 0.36334
 0.19851
 0.76532
 0.74774
 0.62643
 0.74898
 0.45244
 0.45235
 0.87706
 0.90868
 0.22516
 0.70213
 0.71164
 0.87435
 0.85742
 0.95820
 0.11215
 0.28465
 0.40473
 0.47329
 0.31950
 0.61868
 0.76815
 0.79252
 0.95080
 0.89589
 0.00598
 0.63455
 0.18290
 0.43511
 0.01781
 0.88170
 0.54572
 0.95920
 0.31068
 0.35783
 0.03185
 0.45584
 0.24121
 0.43197
 0.46517
 0.49477
 0.18344
 0.20636
 0.69028
 0.75460
 0.25749
 0.50398
 0.60435
 0.67897
 0.49431
 0.98929
 0.23054
 0.63005
 0.27963
 0.09088
 0.66769
 0.36496
 0.42635
 0.44073
 0.59850
 0.97067
 0.76988
 0.98596
 0.53692
 0.64832
 0.23701
 0.07072
 0.98369
 0.63470
 0.16274
 0.00661
 0.96347
 0.10557
 0.48663
 0.78061
 0.96203
 0.80903
 0.04858
 0.85855
 0.39643
 0.80416
 0.93180
 0.15366
 0.39901
 0.49060
 0.47917
 0.70052
 0.56830
 0.50146
 0.49048
 0.36950
 0.52104
 0.86195
 0.26189
 0.74649
 0.46821
 0.06752
 0.95771
 0.20631
 0.23439
 0.04904
 0.99476
 0.41162
 0.82394
 0.95825
 0.51750
 0.57033
 0.39596
 0.52945
 0.36535
 0.35090
 0.87510
 0.59101
 0.78826
 0.08004
 0.54515
 0.52936
 0.50474
 0.39080
 0.66980
 0.73398
 0.60493
 0.34921
 0.25688
 0.35255
 0.79715
 0.87262
 0.40218
 0.80676
 0.30494
 0.17336
 0.11434
 0.38600
 0.09426
 0.55039
 0.65996
 0.47682
 0.20156
 0.71875
 0.25668
 0.15664
 0.79057
 0.39929
 0.79626
 0.83018
 0.26463
 0.27572
 0.28669
 0.83479
 0.75200
 0.52906
 0.61519
 0.02043
 0.13524
 0.90715
 0.54378
 0.19568
 0.91668
 0.63735
 0.58444
 0.24127
 0.43032
 0.56468
 0.78481
 0.08977
 0.26859
 0.45455
 0.51866
 0.44841
 0.39216
 0.52080
 0.89173
 0.61775
 0.11399
 0.77541
 0.84328
 0.59510
 0.34500
 0.35911
 0.42649
 0.07015
 0.99173
 0.65622
 0.00691
 0.49058
 0.74374
 0.88562
 0.39413
 0.60547
 0.14759
 0.48165
 0.38309
 0.46583
 0.96507
 0.38067
 0.28349
 0.76500
 0.18865
 0.47571
 0.86679
 0.51636
 0.37627
 0.52210
 0.68829
 0.06616
 0.72042
 0.46690
 0.82011
 0.45240
 0.96040
 0.17792
 0.51618
 0.65340
 0.14811
 0.89673
 0.12646
 0.32590
 0.73915
 0.17334
 0.71923
 0.18921
 0.84462
 0.86198
 0.03552
 0.26756
 0.04193
 0.02602
 0.98223
 0.36800
 0.94513
 0.34366
 0.87443
 0.02252
 0.64409
 0.77537
 0.91383
 0.07046
 0.20329
 0.51492
 0.81489
 0.30337
 0.22822
 0.57157
 0.03237
 0.01942
 0.11322
 0.15090
 0.59064
 0.61558
 0.58806
 0.30303
 0.28369
 0.94257
 0.69013
 0.32994
 0.96081
 0.45447
 0.26266
 0.78145
 0.51379
 0.71743
 0.66426
 0.36851
 0.84390
 0.47362
 0.72690
 0.03673
 0.70293
 0.86281
 0.32613
 0.77424
 0.58326
 0.19093
 0.59991
 0.21874
 0.47763
 0.34709
 0.54061
 0.15392
 0.26522
 0.50331
 0.43709
 0.60034
 0.93307
 0.34197
 0.98375
 0.37918
 0.56312
 0.92684
 0.89885
 0.01975
 0.34505
 0.02316
 0.96258
 0.99428
 0.30335
 0.25919
 0.30460
 0.51234
 0.80283
 0.58751
 0.39439
 0.16977
 0.10743
 0.92548
 0.42921
 0.78685
 0.79967
 0.65636
 0.75707
 0.10058
 0.34553
 0.92597
 0.88073
 0.01468
 0.18988
 0.14626
 0.71262
 0.14486
 0.37027
 0.66876
 0.79517
 0.76943
 0.12408
 0.18208
 0.19699
 0.16337
 0.40244
 0.04969
 0.85645
 0.72359
 0.05798
 0.97063
 0.07224
 0.73756
 0.01217
 0.30499
 0.41318
 0.59765
 0.48047
 0.62199
 0.87951
 0.85641
 0.12890
 0.44877
 0.77474
 0.99793
 0.54657
 0.65489
 0.99244
 0.33467
 0.88020
 0.18787
 0.48410
 0.30395
 0.74957
 0.47703
 0.65900
 0.05108
 0.32991
 0.47251
 0.63597
 0.65358
 0.64977
 0.75351
 0.74155
 0.22523
 0.84856
 0.31433
 0.81411
 0.40580
 0.91059
 0.65206
 0.53192
 0.76041
 0.45328
 0.26349
 0.37152
 0.93282
 0.04423
 0.12957
 0.60632
 0.71782
 0.00957
 0.23794
 0.39003
 0.00359
 0.46495
 0.90475
 0.35582
 0.46454
 0.59975
 0.84902
 0.68761
 0.95854
 0.90942
 0.17646
 0.81666
 0.13931
 0.25051
 0.48990
 0.49034
 0.07916
 0.71442
 0.57628
 0.76233
 0.54554
 0.99143
 0.55414
 0.11713
 0.97642
 0.26116
 0.63587
 0.89951
 0.62805
 0.88002
 0.08405
 0.63701
 0.06880
 0.90580
 0.64710
 0.47350
 0.16779
 0.20445
 0.21712
 0.64285
 0.05851
 0.06944
 0.32028
 0.69098
 0.38949
 0.25706
 0.62644
 0.56585
 0.07556
 0.47519
 0.82913
 0.65090
 0.45209
 0.08505
 0.00223
 0.96717
 0.37143
 0.75217
 0.90413
 0.81162
 0.78230
 0.20442
 0.60060
 0.82441
 0.10750
 0.32887
 0.70395
 0.33482
 0.58993
 0.15259
 0.36951
 0.34998
 0.86421
 0.09387
 0.38087
 0.95751
 0.43205
 0.67079
 0.56789
 0.21646
 0.55564
 0.37324
 0.85996
 0.97108
 0.38010
 0.16592
 0.59213
 0.09984
 0.01242
 0.90517
 0.86312
 0.10423
 0.42059
 0.48046
 0.28285
 0.99448
 0.41918
 0.68324
 0.23756
 0.92720
 0.16429
 0.64311
 0.81267
 0.69159
 0.77848
 0.62176
 0.06681
 0.02060
 0.92648
 0.71575
 0.51811
 0.89792
 0.65108
 0.23236
 0.17170
 0.29351
 0.07205
 0.34671
 0.67225
 0.54808
 0.04337
 0.45251
 0.54230
 0.22244
 0.76982
 0.79092
 0.14264
 0.43846
 0.51149
 0.11440
 0.88169
 0.18756
 0.22464
 0.20379
 0.63079
 0.07151
 0.22015
 0.57880
 0.14784
 0.38348
 0.63938
 0.66352
 0.32168
 0.60830
 0.39030
 0.48452
 0.41544
 0.80373
 0.16559
 0.52991
 0.61102
 0.67518
 0.09515
 0.66856
 0.50934
 0.19703
 0.05931
 0.37096
 0.57397
 0.53325
 0.24836
 0.64030
 0.52967
 0.29774
 0.30539
 0.08736
 0.68380
 0.63646
 0.27790
 0.52081
 0.13126
 0.30272
 0.61428
 0.15893
 0.75355
 0.52608
 0.97764
 0.52687
 0.55496
 0.64746
 0.14729
 0.48851
 0.28256
 0.08086
 0.62986
 0.73359
 0.73372
 0.47387
 0.58379
 0.76073
 0.89191
 0.18161
 0.22127
 0.11379
 0.42583
 0.19399
 0.49952
 0.53240
 0.22430
 0.10408
 0.61518
 0.19553
 0.99490
 0.49828
 0.97962
 0.04100
 0.99115
 0.84520
 0.96222
 0.51149
 0.87313
 0.68885
 0.94404
 0.85169
 0.42880
 0.17288
 0.08224
 0.81378
 0.90687
 0.40619
 0.93522
 0.63344
 0.67235
 0.75370
 0.42829
 0.40452
 0.87908
 0.31691
 0.33695
 0.70941
 0.05817
 0.60232
 0.58697
 0.33904
 0.07176
 0.71358
 0.38272
 0.55095
 0.95491
 0.14758
 0.92159
 0.96522
 0.11318
 0.81687
 0.29218
 0.44213
 0.54419
 0.36623
 0.90418
 0.74686
 0.33955
 0.55376
 0.33362
 0.23952
 0.02221
 0.35628
 0.70594
 0.59865
 0.55665
 0.42818
 0.36985
 0.43448
 0.48156
 0.77442
 0.31314
 0.19409
 0.43755
 0.07285
 0.19364
 0.22363
 0.41390
 0.45320
 0.00526
 0.39305
 0.55241
 0.50677
 0.98311
 0.04691
 0.40877
 0.65508
 0.45849
 0.48511
 0.63131
 0.80350
 0.76764
 0.79180
 0.36047
 0.53220
 0.87710
 0.86237
 0.94150
 0.65472
 0.60897
 0.33246
 0.72497
 0.99842
 0.68436
 0.80674
 0.84923
 0.45764
 0.72737
 0.86205
 0.56487
 0.91934
 0.98647
 0.15398
 0.51150
 0.54230
 0.84135
 0.91254
 0.85667
 0.42645
 0.87085
 0.61258
 0.67769
 0.58123
 0.31155
 0.43606
 0.14857
 0.09839
 0.34701
 0.86453
 0.81164
 0.73846
 0.00975
 0.65952
 0.65066
 0.85762
 0.67789
 0.66810
 0.12565
 0.77736
 0.21084
 0.70684
 0.40357
 0.37596
 0.02832
 0.06130
 0.99633
 0.83147
 0.74722
 0.26604
 0.20703
 0.89337
 0.70294
 0.70640
 0.55385
 0.94017
 0.68952
 0.64611
 0.83324
 0.12529
 0.00197
 0.81568
 0.45925
 0.33421
 0.51744
 0.53163
 0.84327
 0.52590
 0.40414
 0.77395
 0.23786
 0.35645
 0.54602
 0.73585
 0.39170
 0.68974
 0.51443
 0.29103
 0.63291
 0.86177
 0.02294
 0.69551
 0.33308
 0.30403
 0.11566
 0.96836
 0.42456
 0.92843
 0.98496
 0.90434
 0.75562
 0.81090
 0.95174
 0.68639
 0.92855
 0.33658
 0.53597
 0.03953
 0.98954
 0.36170
 0.33020
 0.84762
 0.44975
 0.79053
 0.21908
 0.81197
 0.95802
 0.58580
 0.62999
 0.11574
 0.57077
 0.66798
 0.17166
 0.51165
 0.76014
 0.30148
 0.35268
 0.38421
 0.83767
 0.61412
 0.59438
 0.05283
 0.03325
 0.61775
 0.77474
 0.12917
 0.84183
 0.11266
 0.65640
 0.10545
 0.14815
 0.68927
 0.63729
 0.45029
 0.46253
 0.45409
 0.91204
 0.87690
 0.12922
 0.40571
 0.43521
 0.88891
 0.49896
 0.15047
 0.91919
 0.20226
 0.47763
 0.77066
 0.21343
 0.96934
 0.36792
 0.18415
 0.53245
 0.44352
 0.41753
 0.23741
 0.87588
 0.27906
 0.58761
 0.84265
 0.03503
 0.50109
 0.82720
 0.98345
 0.23488
 0.70478
 0.76782
 0.04807
 0.55119
 0.18074
 0.23252
 0.28194
 0.96916
 0.93370
 0.37884
 0.12193
 0.93038
 0.70269
 0.30543
 0.56156
 0.25746
 0.98149
 0.54385
 0.45490
 0.90355
 0.04620
 0.12556
 0.48381
 0.37711
 0.02825
 0.05270
 0.87910
 0.97815
 0.65784
 0.63691
 0.17363
 0.04781
 0.91429
 0.61713
 0.43785
 0.94651
 0.53676
 0.47518
 0.99984
 0.00547
 0.34332
 0.12672
 0.76308
 0.16854
 0.21911
 0.67143
 0.03646
 0.76367
 0.52168
 0.74734
 0.55656
 0.97504
 0.56670
 0.43166
 0.03738
 0.75377
 0.81710
 0.63930
 0.53814
 0.22235
 0.78528
 0.73073
 0.34173
 0.60695
 0.21731
 0.83866
 0.67396
 0.29206
 0.64680
 0.21020
 0.00224
 0.84185
 0.13268
 0.77230
 0.73862
 0.24536
 0.41398
 0.06772
 0.35401
 0.46571
 0.77516
 0.50962
 0.70253
 0.34974
 0.00118
 0.14385
 0.59726
 0.97853
 0.75175
 0.56091
 0.38926
 0.45565
 0.83608
 0.06149
 0.46243
 0.95674
 0.61129
 0.70548
 0.06115
 0.09302
 0.54108
 0.31933
 0.68125
 0.59444
 0.52058
 0.02709
 0.91998
 0.42859
 0.98683
 0.59063
 0.15373
 0.97281
 0.19080
 0.69248
 0.83656
 0.12080
 0.58743
 0.19553
 0.33528
 0.38415
 0.86949
 0.45250
 0.35309
 0.30803
 0.75716
 0.75563
 0.89660
 0.22391
 0.75351
 0.02255
 0.34315
 0.27696
 0.10416
 0.24442
 0.48089
 0.68839
 0.56299
 0.14070
 0.16193
 0.05152
 0.05248
 0.30058
 0.72814
 0.23094
 0.92532
 0.62774
 0.21728
 0.47113
 0.11373
 0.23636
 0.60536
 0.60566
 0.65002
 0.17754
 0.65943
 0.61052
 0.31900
 0.14271
 0.89031
 0.91715
 0.44491
 0.45433
 0.11205
 0.20292
 0.63614
 0.57254
 0.08346
 0.70431
 0.67036
 0.82287
 0.50724
 0.99099
 0.84317
 0.74539
 0.04233
 0.44106
 0.01362
 0.73438
 0.44354
 0.73367
 0.84593
 0.19427
 0.67868
 0.66203
 0.55103
 0.31942
 0.02114
 0.93309
 0.85074
 0.75846
 0.35394
 0.53934
 0.92813
 0.70964
 0.67172
 0.64071
 0.95814
 0.10348
 0.73635
 0.37644
 0.65633
 0.34649
 0.02168
 0.87896
 0.72865
 0.75330
 0.79085
 0.17420
 0.55408
 0.11030
 0.09138
 0.28172
 0.62893
 0.19272
 0.80837
 0.62423
 0.80954
 0.20629
 0.61773
 0.03263
 0.16211
 0.31116
 0.99102
 0.55763
 0.88398
 0.76520
 0.00842
 0.26319
 0.34967
 0.92733
 0.04624
 0.19943
 0.20388
 0.01904
 0.36358
 0.83128
 0.84917
 0.04488
 0.56471
 0.62797
 0.27614
 0.96325
 0.89899
 0.15092
 0.64403
 0.47730
 0.04772
 0.11657
 0.26428
 0.78984
 0.28266
 0.01316
 0.50490
 0.39193
 0.90968
 0.31350
 0.91001
 0.50903
 0.99550
 0.65995
 0.14220
 0.28839
 0.47973
 0.13091
 0.91853
 0.79906
 0.59198
 0.76137
 0.56460
 0.88622
 0.80552
 0.40947
 0.30175
 0.26438
 0.54118
 0.27367
 0.43936
 0.38484
 0.26182
 0.81495
 0.98390
 0.56516
 0.69833
 0.25058
 0.49913
 0.20193
 0.64100
 0.42552
 0.86507
 0.30273
 0.97050
 0.62900
 0.75450
 0.84464
 0.72680
 0.83330
 0.82890
 0.12220
 0.81548
 0.51967
 0.76219
 0.66759
 0.53411
 0.99552
 0.58111
 0.05120
 0.95284
 0.63181
 0.77666
 0.19403
 0.60733
 0.01386
 0.68274
 0.69708
 0.56865
 0.07554
 0.96913
 0.01347
 0.14302
 0.75337
 0.26248
 0.12297
 0.70806
 0.04856
 0.47936
 0.63635
 0.85066
 0.27071
 0.63266
 0.06128
 0.89327
 0.92467
 0.03395
 0.92131
 0.05882
 0.18723
 0.47453
 0.13120
 0.59163
 0.75987
 0.65375
 0.64274
 0.51732
 0.63994
 0.76642
 0.93564
 0.99035
 0.85498
 0.33975
 0.80214
 0.45646
 0.16443
 0.32672
 0.45794
 0.04460
 0.56858
 0.28787
 0.30960
 0.50121
 0.12493
 0.39938
 0.82479
 0.83864
 0.63983
 0.56101
 0.57250
 0.79629
 0.59235
 0.46111
 0.36551
 0.96416
 0.52488
 0.40619
 0.19524
 0.03528
 0.44573
 0.54302
 0.38879
 0.97331
 0.53137
 0.44510
 0.95739
 0.58095
 0.03182
 0.79504
 0.49780
 0.24065
 0.58463
 0.02845
 0.43833
 0.64180
 0.49196
 0.12265
 0.10978
 0.34502
 0.17117
 0.66609
 0.44277
 0.25303
 0.92735
 0.10459
 0.80970
 0.06411
 0.61602
 0.75212
 0.47662
 0.49705
 0.18501
 0.12669
 0.29177
 0.62428
 0.33914
 0.67802
 0.37469
 0.84949
 0.00629
 0.90730
 0.87651
 0.62815
 0.24511
 0.39432
 0.05322
 0.16418
 0.95948
 0.89806
 0.99855
 0.10826
 0.74930
 0.02668
 0.62768
 0.46948
 0.93640
 0.57507
 0.57425
 0.77520
 0.60600
 0.83737
 0.99228
 0.97910
 0.22365
 0.78958
 0.06209
 0.78621
 0.62705
 0.33218
 0.75259
 0.78009
 0.89155
 0.23374
 0.50181
 0.01513
 0.19669
 0.07897
 0.72105
 0.08172
 0.12741
 0.68787
 0.47717
 0.24188
 0.67991
 0.73112
 0.53170
 0.34340
 0.93109
 0.64029
 0.04598
 0.39887
 0.21305
 0.14295
 0.87323
 0.68287
 0.66847
 0.25206
 0.08884
 0.30359
 0.67260
 0.18379
 0.76338
 0.98783
 0.55216
 0.00208
 0.14251
 0.81919
 0.23060
 0.87296
 0.68878
 0.93752
 0.24443
 0.49972
 0.41296
 0.99939
 0.38298
 0.29543
 0.06403
 0.60029
 0.52649
 0.29653
 0.00157
 0.63417
 0.47100
 0.94152
 0.34713
 0.71761
 0.75664
 0.31537
 0.66141
 0.97446
 0.21621
 0.34742
 0.14225
 0.31120
 0.52318
 0.52533
 0.56967
 0.12860
 0.54361
 0.33912
 0.00400
 0.60596
 0.19708
 0.25509
 0.27119
 0.24902
 0.31872
 0.62739
 0.89063
 0.98106
 0.62827
 0.67132
 0.62460
 0.00687
 0.81998
 0.05160
 0.88718
 0.16502
 0.41742
 0.37221
 0.97667
 0.67802
 0.09969
 0.82105
 0.16086
 0.65435
 0.49188
 0.90345
 0.96324
 0.34243
 0.38383
 0.95517
 0.53602
 0.44733
 0.41253
 0.10717
 0.32269
 0.15655
 0.08658
 0.07450
 0.72298
 0.62164
 0.54746
 0.04456
 0.15705
 0.44994
 0.76877
 0.66589
 0.86174
 0.58104
 0.70617
 0.52537
 0.23476
 0.68103
 0.13035
 0.27976
 0.41512
 0.24368
 0.77596
 0.36201
 0.19155
 0.09896
 0.63154
 0.85489
 0.55603
 0.76696
 0.18457
 0.48112
 0.43959
 0.47263
 0.55404
 0.67930
 0.58933
 0.10818
 0.21475
 0.19644
 0.57495
 0.07413
 0.99663
 0.09505
 0.62901
 0.28256
 0.82796
 0.72770
 0.75828
 0.49762
 0.46500
 0.85465
 0.85749
 0.85851
 0.34322
 0.96465
 0.58967
 0.99070
 0.18747
 0.38602
 0.63596
 0.23803
 0.76238
 0.35306
 0.26543
 0.08948
 0.94304
 0.66369
 0.43534
 0.11194
 0.53845
 0.98146
 0.34611
 0.32753
 0.75825
 0.75591
 0.87616
 0.42108
 0.84425
 0.72136
 0.82714
 0.42676
 0.53913
 0.49253
 0.70409
 0.33427
 0.43042
 0.26155
 0.74385
 0.16320
 0.77971
 0.61181
 0.15085
 0.47056
 0.55673
 0.97095
 0.51898
 0.16280
 0.43812
 0.47399
 0.82036
 0.40873
 0.24419
 0.43566
 0.36458
 0.98704
 0.26622
 0.22026
 0.36722
 0.05873
 0.42802
 0.92524
 0.20914
 0.01820
 0.40336
 0.14234
 0.63551
 0.18629
 0.63221
 0.19258
 0.33923
 0.57370
 0.29747
 0.75341
 0.61189
 0.59970
 0.59448
 0.91165
 0.27016
 0.28918
 0.36176
 0.77987
 0.69050
 0.85764
 0.36669
 0.52471
 0.52086
 0.53757
 0.42388
 0.09523
 0.11509
 0.81541
 0.30033
 0.70597
 0.17999
 0.52035
 0.29375
 0.56886
 0.83114
 0.35127
 0.42274
 0.09912
 0.33564
 0.58375
 0.77796
 0.61216
 0.99589
 0.19513
 0.87009
 0.08480
 0.11039
 0.17706
 0.65801
 0.86020
 0.96832
 0.01073
 0.53455
 0.88652
 0.78011
 0.20473
 0.58060
 0.12904
 0.59802
 0.12583
 0.91971
 0.27383
 0.19522
 0.17081
 0.47333
 0.20226
 0.37523
 0.92006
 0.29737
 0.83540
 0.11937
 0.57658
 0.98866
 0.88457
 0.67441
 0.28862
 0.96294
 0.47399
 0.56946
 0.08136
 0.80059
 0.76282
 0.61581
 0.64563
 0.57445
 0.32910
 0.83693
 0.50277
 0.99353
 0.16713
 0.15465
 0.95512
 0.63933
 0.11790
 0.16264
 0.47083
 0.81229
 0.28229
 0.32117
 0.53847
 0.40422
 0.29737
 0.76647
 0.23428
 0.21676
 0.19532
 0.93243
 0.19096
 0.86907
 0.48092
 0.12702
 0.33138
 0.09051
 0.69492
 0.12695
 0.17639
 0.07060
 0.81555
 0.30908
 0.36174
 0.29318
 0.92841
 0.91273
 0.76820
 0.39230
 0.28007
 0.34785
 0.39098
 0.54868
 0.61470
 0.21686
 0.32412
 0.52180
 0.21060
 0.66830
 0.80366
 0.92946
 0.38225
 0.46871
 0.75102
 0.45501
 0.55698
 0.61438
 0.55096
 0.58195
 0.80973
 0.43150
 0.96874
 0.53929
 0.74055
 0.42092
 0.10676
 0.21826
 0.55400
 0.79336
 0.34163
 0.17453
 0.34924
 0.31078
 0.29556
 0.89966
 0.74886
 0.51127
 0.24104
 0.23378
 0.06628
 0.04096
 0.33917
 0.66978
 0.73300
 0.98575
 0.89114
 0.62566
 0.91948
 0.47502
 0.27286
 0.43306
 0.94271
 0.14512
 0.82360
 0.73529
 0.13715
 0.41653
 0.54612
 0.96000
 0.54569
 0.13179
 0.19888
 0.47246
 0.31109
 0.61780
 0.22454
 0.81901
 0.42555
 0.42674
 0.41492
 0.53074
 0.62820
 0.32900
 0.26693
 0.76099
 0.70681
 0.58757
 0.11945
 0.07677
 0.80726
 0.75860
 0.91203
 0.17588
 0.60609
 0.91507
 0.11000
 0.34770
 0.84761
 0.07889
 0.61076
 0.66064
 0.87985
 0.17610
 0.18473
 0.36727
 0.59719
 0.79602
 0.26743
 0.95791
 0.02840
 0.57961
 0.50643
 0.57659
 0.96865
 0.09303
 0.07433
 0.56225
 0.07498
 0.18119
 0.46296
 0.58027
 0.02689
 0.20320
 0.06482
 0.46098
 0.87287
 0.04706
 0.55896
 0.50985
 0.94120
 0.08418
 0.74713
 0.00002
 0.18862
 0.97828
 0.44252
 0.02706
 0.11314
 0.88176
 0.69690
 0.00957
 0.32686
 0.22578
 0.00688
 0.36672
 0.25977
 0.42548
 0.74206
 0.31930
 0.11118
 0.65715
 0.84226
 0.41236
 0.39924
 0.70443
 0.07670
 0.46116
 0.25451
 0.61537
 0.03539
 0.98054
 0.09182
 0.74767
 0.62075
 0.26017
 0.40042
 0.99792
 0.88074
 0.55323
 0.97380
 0.96242
 0.09129
 0.34676
 0.06502
 0.36600
 0.14465
 0.51955
 0.77900
 0.14927
 0.00516
 0.52554
 0.12313
 0.65563
 0.99628
 0.11842
 0.14411
 0.98544
 0.63027
 0.87305
 0.76279
 0.00019
 0.00206
 0.01913
 0.65500
 0.50390
 0.16190
 0.01135
 0.00329
 0.08083
 0.00591
 0.74258
 0.15242
 0.58542
 0.47691
 0.40473
 0.93024
 0.60056
 0.25077
 0.63185
 0.95230
 0.98494
 0.26574
 0.62258
 0.46321
 0.22472
 0.95496
 0.81722
 0.99678
 0.35381
 0.59765
 0.79530
 0.06746
 0.97043
 0.96101
 0.98117
 0.81152
 0.56839
 0.79770
 0.33128
 0.08740
 0.44115
 0.55295
 0.42293
 0.01154
 0.15210
 0.49718
 0.72982
 0.42421
 0.56947
 0.78339
 0.77518
 0.15950
 0.56052
 0.19703
 0.21813
 0.42494
 0.70101
 0.60854
 0.21920
 0.02262
 0.44042
 0.92035
 0.14565
 0.62033
 0.17362
 0.21546
 0.81066
 0.19401
 0.74913
 0.22559
 0.68770
 0.30453
 0.73913
 0.49363
 0.44590
 0.04685
 0.99422
 0.75494
 0.63468
 0.84379
 0.08426
 0.00865
 0.74656
 0.35936
 0.62437
 0.19244
 0.05677
 0.00823
 0.49426
 0.86163
 0.58578
 0.16657
 0.52350
 0.83971
 0.00080
 0.33166
 0.46264
 0.49131
 0.98674
 0.49450
 0.31240
 0.19420
 0.44134
 0.97713
 0.37228
 0.78037
 0.37387
 0.51740
 0.28149
 0.62670
 0.14110
 0.25636
 0.48593
 0.53566
 0.74167
 0.95826
 0.46948
 0.87102
 0.33563
 0.09044
 0.59718
 0.19456
 0.12544
 0.38490
 0.65289
 0.06161
 0.40103
 0.13439
 0.20333
 0.46125
 0.76374
 0.50948
 0.82471
 0.55205
 0.52103
 0.33603
 0.21661
 0.30732
 0.11189
 0.39380
 0.70334
 0.02675
 0.07525
 0.21104
 0.16607
 0.50896
 0.34511
 0.06423
 0.92097
 0.45807
 0.48223
 0.57883
 0.00205
 0.78988
 0.40471
 0.04695
 0.46128
 0.75368
 0.48922
 0.67705
 0.00327
 0.06688
 0.41074
 0.50482
 0.89340
 0.03777
 0.01188
 0.24029
 0.08307
 0.78290
 0.97862
 0.54839
 0.28458
 0.53544
 0.28499
 0.66340
 0.86670
 0.91886
 0.15243
 0.86086
 0.68610
 0.92395
 0.32098
 0.21674
 0.48282
 0.36516
 0.92618
 0.50974
 0.46728
 0.57001
 0.15413
 0.12330
 0.68182
 0.88047
 0.13503
 0.90912
 0.87262
 0.72403
 0.85773
 0.09724
 0.52636
 0.12980
 0.25591
 0.04369
 0.52448
 0.35902
 0.85722
 0.51308
 0.65154
 0.56216
 0.46492
 0.49601
 0.36497
 0.07396
 0.92647
 0.76173
 0.15327
 0.09774
 0.72018
 0.25276
 0.61669
 0.93615
 0.11287
 0.91828
 0.90761
 0.36613
 0.41422
 0.03710
 0.03797
 0.59072
 0.07598
 0.28941
 0.58858
 0.79114
 0.61491
 0.06298
 0.04835
 0.72418
 0.84080
 0.31272
 0.64738
 0.35786
 0.23898
 0.26198
 0.71953
 0.85942
 0.98528
 0.36829
 0.16542
 0.69717
 0.86696
 0.50005
 0.61665
 0.94475
 0.73104
 0.96503
 0.66146
 0.04342
 0.87587
 0.12576
 0.74979
 0.26034
 0.27160
 0.48192
 0.97069
 0.71451
 0.07348
 0.44507
 0.62926
 0.09109
 0.46247
 0.46285
 0.84473
 0.88850
 0.10227
 0.58392
 0.10743
 0.17644
 0.51050
 0.24059
 0.36817
 0.52218
 0.32435
 0.40701
 0.91146
 0.50982
 0.74920
 0.96947
 0.50650
 0.90314
 0.44533
 0.99743
 0.27603
 0.27089
 0.44178
 0.29089
 0.41102
 0.27517
 0.13593
 0.84756
 0.32609
 0.02001
 0.05484
 0.59141
 0.11270
 0.66557
 0.72633
 0.77839
 0.93545
 0.34762
 0.39102
 0.89715
 0.73948
 0.32257
 0.34325
 0.46159
 0.53022
 0.59179
 0.15496
 0.22290
 0.05613
 0.32469
 0.57954
 0.43277
 0.96330
 0.24319
 0.80399
 0.29738
 0.30348
 0.54180
 0.44664
 0.00528
 0.20517
 0.67880
 0.95932
 0.98385
 0.80868
 0.72660
 0.29371
 0.92495
 0.57547
 0.05148
 0.76613
 0.70163
 0.96203
 0.89102
 0.22962
 0.11706
 0.39982
 0.37887
 0.47809
 0.13121
 0.39331
 0.96949
 0.42738
 0.23539
 0.56951
 0.24794
 0.76209
 0.51315
 0.70481
 0.21825
 0.39469
 0.34459
 0.42652
 0.85252
 0.64398
 0.56354
 0.25785
 0.39556
 0.84446
 0.47508
 0.06160
 0.91925
 0.19091
 0.50277
 0.12753
 0.85541
 0.20162
 0.23300
 0.64571
 0.08538
 0.10976
 0.48049
 0.34331
 0.31577
 0.29972
 0.41044
 0.14335
 0.59333
 0.75015
 0.44671
 0.43228
 0.20651
 0.58769
 0.29630
 0.76947
 0.19501
 0.76718
 0.60404
 0.67253
 0.50546
 0.65387
 0.40687
 0.80469
 0.69403
 0.54360
 0.20818
 0.31617
 0.08675
 0.79961
 0.43174
 0.56626
 0.86483
 0.84950
 0.18334
 0.64851
 0.94894
 0.78776
 0.52076
 0.12282
 0.57855
 0.72686
 0.49397
 0.70609
 0.79771
 0.73125
 0.04224
 0.77740
 0.04288
 0.92610
 0.08866
 0.65640
 0.69229
 0.38664
 0.17374
 0.26613
 0.30080
 0.48489
 0.40179
 0.73998
 0.19165
 0.42820
 0.39009
 0.49543
 0.25915
 0.28933
 0.49652
 0.21364
 0.13244
 0.44064
 0.94144
 0.05264
 0.48152
 0.88583
 0.15437
 0.55636
 0.55554
 0.71749
 0.49537
 0.70670
 0.60450
 0.92434
 0.02495
 0.95825
 0.34889
 0.55526
 0.39047
 0.83001
 0.05516
 0.45002
 0.90124
 0.78973
 0.05563
 0.42262
 0.19881
 0.51626
 0.03612
 0.76681
 0.14803
 0.73390
 0.63622
 0.08509
 0.81155
 0.06954
 0.25066
 0.29517
 0.21480
 0.79037
 0.95760
 0.20165
 0.53125
 0.93988
 0.66377
 0.46427
 0.49722
 0.83058
 0.90837
 0.16228
 0.55329
 0.84464
 0.80640
 0.23700
 0.59561
 0.41986
 0.38605
 0.32258
 0.18445
 0.67229
 0.60878
 0.40667
 0.55556
 0.81563
 0.57835
 0.30154
 0.66000
 0.65267
 0.69059
 0.42092
 0.75513
 0.80211
 0.08603
 0.34277
 0.17498
 0.75160
 0.16681
 0.27813
 0.03046
 0.99321
 0.43263
 0.20220
 0.09481
 0.48970
 0.93452
 0.16731
 0.39871
 0.48948
 0.17830
 0.31915
 0.96044
 0.76332
 0.02859
 0.98296
 0.82113
 0.05234
 0.95761
 0.08504
 0.11086
 0.22811
 0.71608
 0.45523
 0.70308
 0.42701
 0.58173
 0.79064
 0.31443
 0.77603
 0.27209
 0.01053
 0.15556
 0.66461
 0.92210
 0.80460
 0.56892
 0.02390
 0.04819
 0.31235
 0.06389
 0.53557
 0.17695
 0.37088
 0.18333
 0.91823
 0.46387
 0.14690
 0.38650
 0.14812
 0.32766
 0.68426
 0.15423
 0.48088
 0.42616
 0.51445
 0.76730
 0.62467
 0.47296
 0.59406
 0.31071
 0.61542
 0.70588
 0.65856
 0.96102
 0.83503
 0.08800
 0.23577
 0.62728
 0.51049
 0.51884
 0.53953
 0.61933
 0.91721
 0.07872
 0.95015
 0.23787
 0.12947
 0.69808
 0.93148
 0.29475
 0.67105
 0.06862
 0.43992
 0.92449
 0.53280
 0.62196
 0.38402
 0.16888
 0.18326
 0.44878
 0.21366
 0.77443
 0.88369
 0.68598
 0.72910
 0.72161
 0.08696
 0.46484
 0.98546
 0.63679
 0.83625
 0.67638
 0.12445
 0.47700
 0.72430
 0.41563
 0.18563
 0.00065
 0.13128
 0.59170
 0.28100
 0.53591
 0.53556
 0.77462
 0.26507
 0.97282
 0.37412
 0.11523
 0.50049
 0.03863
 0.09772
 0.43452
 0.20434
 0.99761
 0.04965
 0.90118
 0.59749
 0.38069
 0.38003
 0.02758
 0.86558
 0.20296
 0.93299
 0.78732
 0.52910
 0.99447
 0.58650
 0.88686
 0.24414
 0.30617
 0.46219
 0.37518
 0.50138
 0.22913
 0.33173
 0.69370
 0.51294
 0.88866
 0.73718
 0.00449
 0.03901
 0.91988
 0.13127
 0.73741
 0.89778
 0.28366
 0.67566
 0.34559
 0.35951
 0.49071
 0.07712
 0.19301
 0.46539
 0.77359
 0.12608
 0.37899
 0.08412
 0.44055
 0.96977
 0.96517
 0.13866
 0.04976
 0.17031
 0.33817
 0.57981
 0.60685
 0.80527
 0.42709
 0.12150
 0.60900
 0.69703
 0.28431
 0.40018
 0.50465
 0.93030
 0.50890
 0.18294
 0.71092
 0.13617
 0.85515
 0.60178
 0.18791
 0.80869
 0.65142
 0.95108
 0.68137
 0.52744
 0.98811
 0.00148
 0.30842
 0.47043
 0.55970
 0.04399
 0.44641
 0.33713
 0.78209
 0.02103
 0.60825
 0.29825
 0.91600
 0.37501
 0.14912
 0.40403
 0.05195
 0.74215
 0.85784
 0.46238
 0.31724
 0.69461
 0.75388
 0.26072
 0.83214
 0.17481
 0.77161
 0.74384
 0.77549
 0.80777
 0.41699
 0.55281
 0.79854
 0.50834
 0.89469
 0.64357
 0.47979
 0.60029
 0.23538
 0.82262
 0.63606
 0.02630
 0.83527
 0.85884
 0.35377
 0.18319
 0.48815
 0.54735
 0.84374
 0.77330
 0.40902
 0.49189
 0.40039
 0.24238
 0.32704
 0.99001
 0.02643
 0.18875
 0.71738
 0.79874
 0.83650
 0.13554
 0.31439
 0.36140
 0.13688
 0.94400
 0.93786
 0.41875
 0.01342
 0.65182
 0.99062
 0.14688
 0.54771
 0.15947
 0.58425
 0.46703
 0.27853
 0.71769
 0.67758
 0.30750
 0.63397
 0.13318
 0.02544
 0.06821
 0.70685
 0.84139
 0.34082
 0.76001
 0.13241
 0.75880
 0.84409
 0.69271
 0.45803
 0.96856
 0.45324
 0.90214
 0.47544
 0.27971
 0.15812
 0.42354
 0.01061
 0.05660
 0.34930
 0.33714
 0.71878
 0.07755
 0.14209
 0.41752
 0.14206
 0.19707
 0.15277
 0.68281
 0.11962
 0.75834
 0.61447
 0.19568
 0.08076
 0.51719
 0.83840
 0.10931
 0.00319
 0.45778
 0.89922
 0.44183
 0.01166
 0.15709
 0.17983
 0.31024
 0.22008
 0.54154
 0.44289
 0.88865
 0.60034
 0.58024
 0.51749
 0.28797
 0.60106
 0.77388
 0.06886
 0.07521
 0.53535
 0.38619
 0.41725
 0.33710
 0.46221
 0.73602
 0.50056
 0.39274
 0.10936
 0.42559
 0.54239
 0.20780
 0.37341
 0.11325
 0.90762
 0.36159
 0.89900
 0.04527
 0.80989
 0.08860
 0.10298
 0.07391
 0.51874
 0.93082
 0.13903
 0.51574
 0.85428
 0.98440
 0.05405
 0.45322
 0.35760
 0.58476
 0.09588
 0.59049
 0.18319
 0.74449
 0.42494
 0.62851
 0.05567
 0.26585
 0.78958
 0.59340
 0.91896
 0.13493
 0.81017
 0.82931
 0.92298
 0.11728
 0.35602
 0.01311
 0.83416
 0.63205
 0.47887
 0.54292
 0.82604
 0.95145
 0.82703
 0.84722
 0.06834
 0.83337
 0.02382
 0.57577
 0.15456
 0.69049
 0.58446
 0.61390
 0.61674
 0.83117
 0.57268
 0.72682
 0.86780
 0.27764
 0.07746
 0.49535
 0.52686
 0.31465
 0.35733
 0.20575
 0.60804
 0.65407
 0.42364
 0.97736
 0.14509
 0.45077
 0.22028
 0.80392
 0.49757
 0.82307
 0.13796
 0.95347
 0.96062
 0.44281
 0.94356
 0.24439
 0.19865
 0.00613
 0.70548
 0.62630
 0.78963
 0.35468
 0.03566
 0.64330
 0.31315
 0.42133
 0.81751
 0.86888
 0.77598
 0.78955
 0.55981
 0.48447
 0.82285
 0.53220
 0.60243
 0.74497
 0.93538
 0.11684
 0.29537
 0.76210
 0.38595
 0.91149
 0.73831
 0.58705
 0.65706
 0.20788
 0.75968
 0.94599
 0.16285
 0.40924
 0.34465
 0.72946
 0.66351
 0.56336
 0.72626
 0.86437
 0.21153
 0.88502
 0.55915
 0.50617
 0.09684
 0.09250
 0.56817
 0.19376
 0.91761
 0.40147
 0.64155
 0.07816
 0.59515
 0.44721
 0.16080
 0.67064
 0.18311
 0.01868
 0.76846
 0.49180
 0.95182
 0.93802
 0.63111
 0.53437
 0.10314
 0.24763
 0.92798
 0.42956
 0.24614
 0.65391
 0.57452
 0.86625
 0.83714
 0.46882
 0.49726
 0.26230
 0.30231
 0.28737
 0.68274
 0.75081
 0.43229
 0.45682
 0.97759
 0.61397
 0.60013
 0.30013
 0.55230
 0.19327
 0.78892
 0.83197
 0.08143
 0.69179
 0.83049
 0.13193
 0.20730
 0.09440
 0.02485
 0.90072
 0.80131
 0.49564
 0.49041
 0.66315
 0.52667
 0.78495
 0.10122
 0.13607
 0.05315
 0.14978
 0.97281
 0.67811
 0.10202
 0.72780
 0.01851
 0.61020
 0.36700
 0.20717
 0.54446
 0.46882
 0.45443
 0.58861
 0.91752
 0.57099
 0.59847
 0.01359
 0.46888
 0.74324
 0.04330
 0.09779
 0.75917
 0.74875
 0.32347
 0.44365
 0.21190
 0.19061
 0.06384
 0.48776
 0.06119
 0.80219
 0.28148
 0.38818
 0.88364
 0.18151
 0.37328
 0.24852
 0.72481
 0.80917
 0.55105
 0.15790
 0.32869
 0.20569
 0.23569
 0.92156
 0.73177
 0.41100
 0.39606
 0.32630
 0.01138
 0.51286
 0.30514
 0.83552
 0.63242
 0.94390
 0.50578
 0.66215
 0.05202
 0.72405
 0.48015
 0.87914
 0.90690
 0.08134
 0.72341
 0.79714
 0.72096
 0.23797
 0.46048
 0.15616
 0.87462
 0.74683
 0.86018
 0.28237
 0.02819
 0.11391
 0.98191
 0.28129
 0.74375
 0.09523
 0.96809
 0.99224
 0.43164
 0.30341
 0.95635
 0.83689
 0.85260
 0.59050
 0.02269
 0.15443
 0.17747
 0.11912
 0.48899
 0.70423
 0.19680
 0.94726
 0.13879
 0.50254
 0.01616
 0.77968
 0.02691
 0.91082
 0.45886
 0.19881
 0.73177
 0.82691
 0.61220
 0.60851
 0.07524
 0.05094
 0.27415
 0.38193
 0.65318
 0.42820
 0.89500
 0.02157
 0.55389
 0.02770
 0.93402
 0.89097
 0.15929
 0.99340
 0.21030
 0.64537
 0.18841
 0.16692
 0.85422
 0.31178
 0.33422
 0.45079
 0.95199
 0.23591
 0.98994
 0.69735
 0.03457
 0.35433
 0.55978
 0.10153
 0.95260
 0.08793
 0.63207
 0.71351
 0.97213
 0.95519
 0.94608
 0.71355
 0.61251
 0.37531
 0.16199
 0.16747
 0.48146
 0.03194
 0.51228
 0.90909
 0.88386
 0.02779
 0.32869
 0.07871
 0.22933
 0.18727
 0.95612
 0.08135
 0.87187
 0.35148
 0.67954
 0.15107
 0.16797
 0.95351
 0.93990
 0.95954
 0.01570
 0.14147
 0.82581
 0.73483
 0.74450
 0.15704
 0.52381
 0.75295
 0.78620
 0.11143
 0.40055
 0.19831
 0.73681
 0.72619
 0.12959
 0.14077
 0.23452
 0.11699
 0.16873
 0.02603
 0.45269
 0.28451
 0.34028
 0.69533
 0.60970
 0.99225
 0.34121
 0.86591
 0.67360
 0.62282
 0.28120
 0.80954
 0.76188
 0.45605
 0.70769
 0.45220
 0.69390
 0.86729
 0.83353
 0.36908
 0.03821
 0.32147
 0.35953
 0.54498
 0.57294
 0.43363
 0.65971
 0.45741
 0.06525
 0.59051
 0.79899
 0.12363
 0.35703
 0.93134
 0.00311
 0.31640
 0.73821
 0.09291
 0.25243
 0.92766
 0.09488
 0.30860
 0.26701
 0.42509
 0.40372
 0.79990
 0.56183
 0.99528
 0.45127
 0.90981
 0.04014
 0.75489
 0.20563
 0.74810
 0.86202
 0.99320
 0.09334
 0.54691
 0.75451
 0.40612
 0.96231
 0.67977
 0.28007
 0.33250
 0.40497
 0.77817
 0.66024
 0.67716
 0.91410
 0.57589
 0.15858
 0.21245
 0.41903
 0.12122
 0.11662
 0.81418
 0.78189
 0.76214
 0.68395
 0.57997
 0.71343
 0.42109
 0.76492
 0.40830
 0.37006
 0.06525
 0.98673
 0.93335
 0.45038
 0.29080
 0.21414
 0.38315
 0.95948
 0.47164
 0.78262
 0.50762
 0.13024
 0.87323
 0.63937
 0.63020
 0.72838
 0.46122
 0.61177
 0.64342
 0.56563
 0.01391
 0.46115
 0.34965
 0.67012
 0.68396
 0.90156
 0.46704
 0.75915
 0.95675
 0.02077
 0.46576
 0.96502
 0.95799
 0.34451
 0.84210
 0.13368
 0.75540
 0.89401
 0.28338
 0.54310
 0.00301
 0.14026
 0.35872
 0.09915
 0.58968
 0.37424
 0.77398
 0.00744
 0.91964
 0.46749
 0.59344
 0.36360
 0.55969
 0.94341
 0.16532
 0.30461
 0.04274
 0.06000
 0.96230
 0.34330
 0.80152
 0.03994
 0.51438
 0.33335
 0.55268
 0.23791
 0.23117
 0.39969
 0.01510
 0.07699
 0.97241
 0.06299
 0.97784
 0.19731
 0.60804
 0.54046
 0.33015
 0.45541
 0.57112
 0.52104
 0.92709
 0.57084
 0.30364
 0.51187
 0.24376
 0.54321
 0.93445
 0.99728
 0.47041
 0.99213
 0.92104
 0.16363
 0.04278
 0.04291
 0.66496
 0.48410
 0.87829
 0.11228
 0.97164
 0.14199
 0.87566
 0.59753
 0.25850
 0.66592
 0.77204
 0.78667
 0.30572
 0.40950
 0.72103
 0.68493
 0.72232
 0.64611
 0.55957
 0.35630
 0.70961
 0.98972
 0.08600
 0.66354
 0.15703
 0.17028
 0.74574
 0.19330
 0.16644
 0.26908
 0.26850
 0.58564
 0.48598
 0.89695
 0.62556
 0.65363
 0.14907
 0.32988
 0.61538
 0.94389
 0.52679
 0.72733
 0.82120
 0.13746
 0.81083
 0.53670
 0.60947
 0.48646
 0.25548
 0.88947
 0.78712
 0.04205
 0.36279
 0.70574
 0.53378
 0.28445
 0.18486
 0.00376
 0.24699
 0.95665
 0.55287
 0.45551
 0.09809
 0.61309
 0.29029
 0.61327
 0.95006
 0.21552
 0.87196
 0.72070
 0.86814
 0.10682
 0.41828
 0.26777
 0.14061
 0.63042
 0.95249
 0.12562
 0.35642
 0.64870
 0.47821
 0.07519
 0.70081
 0.91945
 0.98242
 0.01737
 0.70562
 0.99549
 0.95757
 0.92638
 0.72074
 0.70218
 0.19547
 0.88887
 0.05490
 0.77346
 0.37106
 0.29649
 0.11302
 0.22242
 0.58492
 0.33338
 0.14790
 0.94433
 0.57292
 0.23963
 0.05590
 0.34304
 0.51041
 0.91325
 0.59517
 0.09088
 0.12921
 0.70259
 0.12412
 0.32947
 0.77480
 0.58788
 0.27475
 0.76214
 0.32292
 0.74686
 0.05399
 0.54828
 0.52396
 0.30239
 0.07114
 0.46133
 0.15726
 0.61437
 0.82821
 0.35591
 0.17963
 0.12921
 0.81126
 0.93655
 0.89138
 0.09947
 0.18548
 0.48129
 0.98469
 0.19465
 0.11821
 0.70212
 0.95358
 0.66042
 0.71028
 0.33940
 0.75817
 0.36909
 0.09305
 0.37073
 0.86575
 0.26219
 0.79593
 0.97164
 0.88955
 0.37111
 0.06097
 0.44962
 0.49160
 0.83578
 0.59401
 0.07579
 0.38767
 0.84731
 0.32573
 0.09288
 0.18216
 0.14052
 0.95938
 0.41198
 0.17309
 0.94511
 0.26454
 0.20693
 0.55547
 0.97182
 0.13934
 0.92305
 0.21599
 0.49355
 0.43276
 0.54433
 0.05280
 0.97047
 0.07930
 0.29333
 0.59733
 0.81345
 0.73699
 0.80503
 0.09008
 0.61563
 0.99510
 0.00433
 0.12215
 0.54899
 0.12420
 0.73857
 0.67021
 0.29044
 0.50465
 0.71912
 0.85474
 0.27836
 0.45435
 0.87611
 0.14175
 0.41627
 0.85010
 0.62997
 0.21283
 0.92632
 0.44624
 0.61048
 0.59679
 0.13514
 0.98072
 0.45792
 0.39117
 0.55672
 0.36165
 0.37606
 0.66165
 0.57441
 0.44081
 0.09610
 0.01562
 0.64896
 0.50181
 0.45350
 0.25527
 0.99330
 0.62163
 0.75196
 0.67241
 0.04722
 0.70548
 0.80991
 0.74348
 0.48799
 0.73067
 0.95790
 0.03313
 0.49334
 0.09936
 0.47348
 0.30854
 0.27158
 0.22536
 0.20074
 0.10668
 0.04871
 0.35857
 0.59696
 0.31186
 0.34586
 0.07098
 0.13390
 0.96486
 0.91806
 0.31661
 0.04668
 0.77399
 0.07454
 0.12497
 0.87872
 0.09449
 0.98095
 0.60990
 0.86879
 0.84556
 0.99150
 0.21652
 0.63495
 0.33407
 0.00889
 0.36039
 0.55864
 0.85447
 0.84188
 0.19362
 0.46085
 0.78402
 0.81963
 0.08951
 0.12640
 0.54205
 0.82475
 0.00616
 0.25712
 0.91496
 0.81990
 0.53727
 0.49627
 0.32046
 0.15271
 0.02009
 0.18169
 0.28305
 0.11799
 0.37874
 0.38717
 0.81980
 0.60041
 0.29173
 0.05138
 0.12466
 0.82646
 0.91046
 0.10018
 0.88419
 0.91854
 0.33999
 0.79583
 0.20628
 0.20343
 0.21421
 0.57393
 0.84066
 0.78132
 0.00126
 0.99035
 0.31161
 0.56703
 0.37144
 0.58583
 0.71907
 0.19890
 0.96076
 0.78092
 0.22957
 0.45726
 0.57111
 0.48855
 0.00555
 0.79359
 0.55709
 0.83609
 0.14478
 0.52425
 0.68458
 0.24287
 0.67832
 0.59414
 0.37183
 0.79453
 0.63226
 0.18715
 0.30849
 0.44399
 0.37039
 0.32673
 0.08519
 0.47878
 0.12280
 0.62774
 0.07612
 0.73398
 0.67199
 0.22788
 0.64891
 0.32133
 0.45971
 0.63851
 0.00937
 0.08339
 0.37415
 0.95446
 0.50556
 0.67399
 0.67657
 0.02382
 0.93961
 0.57509
 0.59476
 0.32235
 0.29494
 0.75174
 0.04596
 0.02051
 0.56794
 0.62285
 0.90879
 0.89131
 0.76631
 0.64137
 0.65044
 0.99726
 0.82127
 0.32157
 0.95835
 0.60478
 0.40414
 0.20769
 0.54290
 0.64920
 0.48196
 0.61435
 0.11115
 0.95825
 0.87427
 0.35559
 0.80917
 0.90223
 0.05151
 0.64236
 0.09091
 0.03255
 0.45400
 0.86661
 0.09280
 0.89035
 0.25162
 0.96821
 0.43025
 0.44721
 0.74679
 0.73281
 0.97666
 0.04581
 0.03553
 0.03657
 0.88662
 0.98421
 0.73839
 0.10596
 0.07293
 0.29875
 0.23305
 0.95579
 0.79200
 0.47384
 0.36773
 0.91217
 0.17055
 0.06187
 0.06659
 0.54069
 0.78796
 0.16248
 0.28882
 0.25076
 0.18909
 0.68767
 0.10275
 0.71020
 0.25795
 0.70859
 0.23764
 0.40587
 0.53110
 0.48918
 0.52582
 0.81855
 0.39644
 0.99494
 0.11770
 0.54345
 0.51045
 0.79873
 0.03574
 0.62400
 0.85950
 0.93575
 0.37064
 0.78486
 0.46841
 0.13686
 0.74437
 0.60450
 0.33891
 0.57132
 0.40739
 0.70086
 0.25833
 0.13573
 0.03007
 0.89417
 0.26062
 0.03393
 0.65140
 0.24330
 0.04729
 0.84718
 0.58285
 0.42847
 0.13625
 0.75923
 0.52127
 0.07056
 0.16894
 0.91219
 0.46424
 0.60750
 0.43810
 0.52583
 0.03701
 0.45302
 0.67083
 0.72366
 0.28954
 0.78423
 0.18838
 0.56355
 0.26814
 0.04966
 0.78060
 0.41456
 0.63913
 0.05227
 0.78244
 0.65186
 0.78258
 0.00462
 0.05965
 0.15811
 0.42104
 0.36892
 0.77671
 0.52721
 0.35275
 0.09692
 0.83737
 0.58232
 0.37920
 0.16447
 0.46797
 0.27755
 0.91383
 0.44183
 0.95544
 0.31499
 0.62844
 0.29996
 0.85644
 0.04233
 0.62690
 0.67711
 0.52340
 0.19087
 0.91921
 0.75900
 0.67320
 0.27347
 0.53319
 0.52936
 0.84324
 0.42964
 0.62154
 0.41598
 0.62867
 0.98202
 0.89660
 0.15139
 0.58137
 0.53956
 0.88029
 0.39501
 0.21211
 0.61385
 0.75456
 0.86836
 0.68740
 0.82204
 0.81049
 0.22139
 0.40772
 0.19025
 0.69921
 0.44064
 0.38096
 0.57856
 0.84541
 0.54991
 0.37589
 0.70505
 0.68019
 0.58396
 0.08009
 0.42025
 0.66350
 0.12636
 0.95232
 0.19111
 0.46080
 0.41173
 0.78726
 0.94063
 0.01262
 0.30831
 0.15347
 0.36389
 0.56358
 0.80431
 0.07124
 0.64026
 0.07157
 0.38757
 0.85053
 0.99295
 0.76727
 0.21812
 0.45470
 0.88131
 0.27192
 0.56382
 0.47027
 0.05495
 0.01061
 0.74455
 0.72504
 0.43837
 0.61724
 0.19978
 0.83867
 0.90559
 0.88233
 0.19229
 0.36491
 0.31233
 0.96557
 0.85035
 0.78849
 0.96889
 0.13147
 0.24024
 0.55846
 0.86474
 0.40555
 0.69806
 0.96963
 0.11362
 0.93691
 0.73243
 0.77634
 0.12821
 0.70785
 0.62877
 0.20794
 0.05206
 0.69989
 0.83060
 0.99339
 0.31520
 0.75779
 0.95729
 0.96371
 0.47138
 0.67390
 0.48997
 0.56390
 0.67661
 0.71743
 0.71999
 0.56250
 0.78196
 0.39785
 0.82652
 0.29323
 0.82115
 0.12828
 0.11219
 0.30915
 0.49210
 0.48435
 0.85824
 0.72019
 0.91367
 0.20935
 0.39259
 0.01299
 0.05599
 0.18103
 0.66022
 0.46685
 0.71972
 0.69135
 0.46552
 0.51866
 0.43580
 0.85394
 0.17053
 0.84640
 0.61343
 0.59871
 0.77795
 0.48212
 0.79850
 0.83417
 0.62554
 0.88620
 0.08828
 0.97397
 0.29198
 0.59898
 0.17023
 0.62247
 0.06206
 0.46621
 0.01407
 0.71787
 0.91866
 0.80934
 0.32395
 0.99180
 0.72344
 0.40307
 0.02311
 0.68200
 0.48576
 0.11815
 0.96512
 0.90614
 0.14398
 0.85511
 0.27866
 0.84806
 0.54524
 0.12735
 0.31317
 0.87960
 0.46247
 0.66064
 0.95616
 0.89794
 0.96573
 0.49177
 0.89520
 0.09681
 0.68877
 0.42680
 0.72772
 0.76124
 0.52725
 0.56340
 0.24569
 0.93152
 0.94346
 0.10229
 0.10150
 0.81085
 0.79209
 0.30937
 0.89564
 0.33802
 0.24147
 0.06132
 0.05045
 0.52156
 0.90549
 0.35524
 0.04466
 0.57663
 0.44100
 0.21203
 0.85273
 0.37892
 0.93081
 0.49891
 0.72091
 0.11656
 0.87605
 0.33047
 0.99096
 0.80812
 0.94386
 0.73218
 0.25624
 0.06480
 0.84189
 0.78968
 0.14965
 0.47942
 0.72097
 0.04580
 0.06355
 0.43931
 0.11351
 0.77349
 0.18753
 0.38902
 0.51911
 0.85961
 0.06295
 0.71870
 0.89287
 0.06099
 0.67380
 0.26616
 0.25240
 0.81069
 0.57181
 0.22472
 0.88683
 0.45230
 0.61397
 0.94962
 0.75375
 0.97813
 0.43821
 0.92053
 0.25641
 0.27154
 0.11658
 0.40089
 0.13905
 0.16572
 0.38855
 0.58347
 0.87585
 0.07540
 0.06625
 0.95979
 0.81034
 0.87931
 0.91406
 0.90054
 0.53637
 0.83656
 0.84781
 0.84774
 0.92827
 0.82104
 0.04133
 0.03989
 0.57199
 0.89699
 0.73737
 0.39882
 0.51477
 0.67185
 0.76362
 0.56503
 0.61442
 0.34040
 0.01839
 0.88035
 0.14707
 0.20050
 0.69755
 0.68704
 0.06835
 0.66554
 0.87010
 0.17111
 0.29929
 0.88107
 0.00993
 0.80082
 0.96930
 0.14225
 0.20696
 0.93476
 0.12224
 0.80609
 0.95810
 0.40306
 0.41018
 0.60545
 0.21919
 0.39630
 0.80911
 0.95082
 0.81661
 0.77103
 0.25930
 0.83386
 0.22998
 0.03947
 0.11626
 0.70658
 0.94545
 0.09049
 0.46427
 0.77951
 0.26805
 0.46104
 0.67849
 0.41302
 0.41416
 0.60031
 0.09671
 0.59062
 0.56236
 0.59818
 0.34094
 0.63361
 0.87850
 0.22590
 0.97186
 0.30458
 0.18357
 0.24045
 0.74743
 0.83735
 0.49026
 0.73627
 0.23399
 0.37675
 0.70871
 0.85668
 0.18681
 0.34974
 0.86268
 0.87695
 0.23119
 0.39822
 0.70604
 0.34172
 0.85455
 0.45781
 0.70946
 0.81144
 0.74631
 0.63715
 0.27783
 0.56129
 0.75770
 0.58098
 0.51431
 0.89802
 0.06334
 0.40637
 0.37197
 0.06533
 0.62127
 0.54424
 0.27050
 0.03270
 0.04063
 0.45757
 0.09212
 0.99058
 0.20153
 0.77864
 0.73689
 0.15429
 0.88161
 0.07610
 0.37983
 0.67995
 0.28545
 0.82927
 0.85897
 0.63917
 0.68336
 0.86562
 0.46173
 0.71125
 0.46276
 0.45121
 0.11561
 0.08103
 0.92553
 0.63030
 0.43420
 0.23927
 0.41341
 0.29102
 0.39076
 0.87321
 0.32784
 0.38998
 0.28418
 0.29982
 0.90190
 0.47824
 0.07089
 0.05094
 0.37053
 0.26127
 0.15068
 0.57908
 0.81869
 0.80105
 0.86265
 0.41336
 0.00402
 0.80214
 0.98391
 0.85715
 0.85539
 0.42764
 0.63851
 0.27817
 0.46103
 0.20115
 0.97830
 0.89622
 0.22986
 0.52101
 0.57503
 0.46323
 0.39689
 0.61827
 0.49295
 0.50482
 0.59330
 0.16760
 0.56173
 0.02600
 0.75537
 0.00196
 0.37903
 0.41623
 0.67346
 0.47812
 0.41198
 0.94664
 0.66756
 0.32633
 0.64788
 0.98843
 0.18791
 0.14725
 0.70240
 0.06859
 0.24421
 0.28366
 0.49820
 0.60478
 0.32080
 0.15230
 0.41771
 0.42583
 0.47264
 0.41411
 0.30474
 0.66602
 0.35281
 0.33820
 0.73479
 0.55910
 0.82198
 0.17315
 0.90090
 0.02131
 0.38953
 0.20735
 0.65613
 0.29892
 0.45050
 0.63100
 0.95790
 0.28700
 0.48815
 0.09711
 0.63006
 0.73399
 0.18443
 0.95632
 0.65978
 0.58711
 0.04949
 0.45327
 0.58095
 0.66995
 0.24969
 0.52755
 0.79363
 0.70685
 0.76607
 0.87425
 0.98835
 0.86066
 0.23680
 0.15923
 0.61333
 0.09819
 0.81636
 0.90572
 0.75872
 0.32080
 0.57839
 0.46565
 0.57731
 0.69471
 0.80879
 0.40236
 0.45152
 0.68558
 0.23540
 0.63559
 0.24247
 0.68729
 0.16271
 0.80725
 0.01887
 0.12120
 0.67893
 0.35777
 0.68045
 0.47184
 0.42703
 0.13226
 0.25258
 0.64647
 0.46520
 0.00230
 0.11457
 0.53572
 0.69711
 0.01984
 0.98067
 0.13614
 0.26267
 0.36924
 0.43191
 0.08880
 0.26303
 0.40207
 0.94553
 0.11244
 0.09780
 0.28288
 0.12800
 0.37202
 0.29599
 0.52957
 0.09592
 0.14177
 0.06039
 0.73863
 0.86141
 0.75576
 0.32078
 0.20867
 0.49711
 0.71831
 0.11239
 0.22792
 0.24215
 0.75308
 0.96101
 0.25247
 0.96016
 0.50911
 0.82507
 0.84381
 0.12773
 0.33051
 0.49494
 0.68941
 0.95419
 0.42700
 0.88068
 0.74677
 0.13003
 0.14205
 0.91175
 0.98150
 0.25693
 0.65433
 0.15625
 0.72441
 0.76615
 0.41247
 0.36272
 0.59787
 0.63839
 0.69940
 0.51828
 0.98942
 0.56012
 0.20853
 0.36948
 0.65762
 0.70378
 0.06333
 0.06533
 0.29098
 0.47575
 0.45546
 0.50223
 0.07949
 0.15796
 0.99053
 0.63220
 0.99126
 0.64180
 0.76821
 0.09428
 0.38875
 0.65573
 0.18033
 0.66300
 0.53325
 0.53133
 0.84888
 0.76595
 0.27525
 0.42959
 0.01618
 0.25141
 0.95592
 0.87417
 0.36590
 0.74098
 0.22068
 0.49413
 0.24054
 0.61678
 0.81926
 0.52100
 0.35441
 0.81725
 0.39934
 0.26898
 0.61716
 0.64482
 0.10068
 0.08464
 0.34372
 0.39663
 0.96120
 0.67410
 0.80075
 0.72606
 0.87946
 0.30178
 0.81689
 0.13478
 0.88283
 0.35572
 0.87761
 0.65366
 0.47483
 0.21938
 0.09903
 0.90382
 0.11453
 0.94356
 0.62664
 0.18967
 0.06415
 0.05434
 0.94322
 0.39478
 0.96626
 0.65675
 0.14016
 0.54775
 0.84688
 0.89202
 0.47238
 0.71235
 0.75216
 0.31601
 0.46767
 0.15574
 0.15842
 0.28685
 0.67077
 0.74192
 0.79529
 0.44386
 0.67148
 0.60642
 0.00079
 0.99110
 0.49161
 0.18737
 0.37589
 0.13023
 0.70235
 0.44146
 0.48210
 0.22877
 0.74188
 0.44539
 0.30085
 0.26605
 0.60700
 0.94821
 0.43405
 0.15490
 0.40096
 0.64728
 0.35771
 0.73609
 0.78409
 0.44427
 0.76606
 0.10663
 0.25074
 0.57428
 0.57756
 0.32364
 0.80621
 0.99266
 0.05791
 0.73045
 0.83297
 0.21537
 0.37490
 0.91811
 0.81634
 0.14004
 0.60417
 0.40417
 0.88965
 0.00985
 0.72806
 0.58438
 0.77203
 0.00765
 0.00028
 0.03895
 0.75448
 0.18876
 0.24465
 0.61425
 0.86562
 0.73342
 0.02741
 0.57939
 0.97867
 0.27566
 0.97384
 0.45518
 0.14058
 0.50427
 0.08902
 0.70348
 0.83422
 0.13840
 0.76877
 0.02638
 0.56744
 0.74486
 0.64545
 0.54231
 0.56887
 0.96297
 0.29037
 0.21621
 0.72045
 0.30588
 0.54600
 0.12998
 0.55193
 0.87741
 0.05740
 0.10750
 0.90037
 0.19216
 0.45326
 0.08487
 0.61736
 0.21891
 0.93186
 0.49926
 0.08706
 0.80818
 0.80441
 0.13912
 0.56470
 0.64326
 0.03551
 0.99240
 0.65633
 0.33448
 0.98360
 0.43300
 0.50063
 0.57644
